102
0
482
38
30
30
0
633
38
31
31
0
1447
54
55
55
0
658
133
39
39
0
636
152
35
35
0
688
220
31
31
0
649
241
63
63
0
74
249
75
75
0
407
361
55
55
0
364
375
31
31
0
681
567
30
30
0
716
570
30
30
0
753
572
30
30
0
691
604
30
30
0
727
607
30
30
0
762
610
31
31
0
1686
633
31
31
0
702
641
30
30
0
734
640
35
35
0
772
647
30
30
0
1917
742
30
30
0
552
783
47
47
1
890
801
35
35
0
1539
795
35
35
0
2056
809
31
31
1
1284
819
39
39
0
1444
858
35
35
1
1795
877
43
43
0
1064
888
91
91
1
1271
937
47
47
0
345
951
39
39
0
1941
968
43
43
1
795
1006
35
35
1
974
1034
35
35
0
1811
1023
63
63
1
870
1043
30
30
1
949
1048
39
39
0
1560
1051
30
30
1
1146
1059
30
30
1
1039
1064
39
39
1
821
1086
31
31
0
2283
1094
31
31
0
971
1097
30
30
0
2367
1140
30
30
1
833
1148
47
47
0
907
1155
30
30
1
1301
1164
55
55
0
0
1176
51
51
0
56
1176
30
30
0
1080
1184
31
31
0
93
1186
30
30
0
1395
1168
87
87
0
131
1195
30
30
0
702
1197
47
47
0
280
1210
30
30
0
150
1230
31
31
0
1010
1235
31
31
0
1094
1256
30
30
0
168
1264
30
30
0
2328
1294
59
59
0
0
1305
47
47
0
44
1316
31
31
0
1894
1340
30
30
1
970
1351
31
31
1
1154
1380
55
55
0
2226
1398
30
30
0
970
1406
39
39
0
1885
1403
55
55
0
2153
1409
67
67
1
1366
1430
43
43
1
915
1447
31
31
0
1775
1457
51
51
0
2409
1468
39
39
0
1374
1465
59
59
0
2209
1475
30
30
0
2360
1482
75
75
0
1351
1532
39
39
0
1184
1534
31
31
0
1204
1539
43
43
1
1489
1574
43
43
0
371
1577
47
47
0
1840
1585
30
30
0
1473
1621
47
47
0
1514
1646
30
30
0
1478
1674
31
31
1
2316
1680
31
31
0
2240
1686
79
79
0
1047
1701
47
47
0
2340
1701
59
59
1
2304
1726
31
31
0
0
1774
39
39
0
598
1791
71
71
0
1388
1793
43
43
0
2367
1826
39
39
0
906
1866
31
31
0
2324
1863
43
43
0
694
1885
31
31
0
1765
1887
35
35
0
2405
1909
31
31
0
2359
1947
30
30
0
868
1999
51
51
0
1018
1983
67
67
