132
0
981
0
31
31
0
1019
0
30
30
0
1057
0
30
30
0
1094
0
30
30
0
1135
0
30
30
0
64
67
59
59
0
774
93
55
55
0
46
105
30
30
0
116
177
31
31
0
1741
274
30
30
0
221
341
47
47
0
1042
348
39
39
0
268
369
43
43
0
136
401
30
30
0
1824
410
31
31
0
137
446
35
35
0
2336
486
31
31
0
2248
518
39
39
0
2006
522
43
43
0
65
608
35
35
0
96
611
35
35
0
128
615
31
31
0
82
645
35
35
0
108
630
71
71
0
332
739
30
30
0
1935
748
30
30
0
1963
775
39
39
0
2025
781
35
35
0
2086
787
35
35
1
206
803
43
43
0
0
814
59
59
0
1945
808
67
67
0
1964
826
31
31
0
2010
820
55
55
0
2022
832
31
31
0
782
834
30
30
0
2076
832
43
43
1
287
842
35
35
1
625
852
47
47
0
1954
866
43
43
0
0
877
63
63
0
726
872
47
47
0
2016
878
35
35
0
2074
882
39
39
1
1084
905
51
51
0
534
962
43
43
1
1666
973
83
83
0
543
1005
30
30
1
254
1042
31
31
0
2144
1057
35
35
1
413
1069
31
31
0
2101
1065
43
43
0
1146
1070
39
39
1
398
1092
31
31
1
561
1086
43
43
1
480
1106
31
31
0
1564
1109
55
55
0
1809
1109
47
47
0
1854
1118
31
31
0
1099
1118
75
75
1
289
1123
30
30
0
427
1135
30
30
0
1676
1134
39
39
0
1508
1147
63
63
0
1124
1150
63
63
0
2125
1147
43
43
0
1762
1158
30
30
0
0
1165
63
63
0
1657
1175
31
31
0
382
1192
30
30
1
324
1196
30
30
0
2418
1201
30
30
0
433
1205
30
30
1
731
1213
31
31
0
744
1243
51
51
0
1565
1303
43
43
0
2243
1319
30
30
1
466
1380
47
47
1
644
1419
47
47
0
118
1432
30
30
0
489
1427
63
63
0
1589
1436
30
30
0
2162
1449
30
30
0
1533
1452
59
59
1
830
1460
51
51
0
1755
1467
30
30
0
1133
1497
47
47
0
129
1501
79
79
0
1734
1524
67
67
0
637
1532
35
35
0
434
1541
31
31
0
820
1568
30
30
0
72
1579
30
30
0
2380
1585
30
30
0
2212
1586
75
75
0
1371
1599
30
30
0
2263
1596
43
43
1
976
1616
55
55
0
2413
1619
30
30
1
1141
1655
35
35
0
2257
1655
30
30
0
982
1663
30
30
0
502
1669
31
31
0
1459
1715
30
30
1
1730
1722
35
35
0
2186
1728
35
35
0
595
1724
47
47
0
1647
1733
47
47
0
2125
1748
79
79
0
1763
1746
51
51
0
2233
1760
47
47
1
1728
1760
35
35
0
678
1759
43
43
0
2245
1787
55
55
0
2388
1788
47
47
0
805
1802
30
30
0
858
1807
43
43
1
1808
1811
35
35
0
928
1832
47
47
0
987
1843
63
63
0
1072
1871
47
47
0
1148
1887
47
47
0
1770
1897
47
47
0
2038
1917
43
43
0
2185
1915
30
30
0
1220
1919
35
35
0
1837
1941
75
75
0
2138
1940
39
39
0
1884
1957
67
67
0
1941
1967
30
30
0
1936
1991
39
39
0
460
2013
35
35
