125
0
552
0
30
30
0
979
0
35
35
0
981
0
30
30
0
1017
0
35
35
0
1019
0
30
30
0
1057
0
30
30
0
1088
0
39
39
0
1135
0
30
30
0
2405
0
43
43
0
66
74
51
51
0
771
93
59
59
0
46
105
30
30
0
84
203
47
47
0
268
370
43
43
0
136
442
43
43
0
2399
450
30
30
0
2248
518
39
39
0
70
521
35
35
0
65
608
35
35
0
96
611
35
35
0
126
614
35
35
0
1935
749
30
30
0
1963
775
39
39
0
2025
781
35
35
0
2086
787
35
35
1
211
808
31
31
0
1637
809
30
30
0
0
817
55
55
0
1953
816
51
51
0
1964
826
31
31
0
2018
828
39
39
0
2064
822
67
67
1
290
844
31
31
0
2084
840
31
31
1
470
859
39
39
0
1954
866
43
43
0
726
870
47
47
0
2016
878
35
35
0
2074
882
39
39
0
967
904
30
30
0
462
943
47
47
0
732
948
47
47
0
581
972
87
87
1
648
979
35
35
1
1687
991
47
47
0
1786
1025
39
39
1
252
1042
30
30
0
2147
1057
35
35
0
2177
1063
30
30
1
413
1071
31
31
0
1656
1081
47
47
1
399
1094
30
30
1
480
1106
31
31
0
1569
1115
47
47
1
289
1123
30
30
0
427
1135
30
30
0
1676
1134
39
39
0
1516
1148
47
47
0
1762
1158
30
30
0
0
1161
67
67
0
970
1164
30
30
0
2016
1164
31
31
0
1657
1176
30
30
0
216
1186
30
30
0
381
1193
30
30
0
1969
1204
39
39
1
731
1213
31
31
0
2157
1216
30
30
0
537
1222
30
30
0
629
1285
30
30
0
1567
1311
31
31
0
1666
1331
59
59
0
1137
1345
30
30
0
21
1352
35
35
1
466
1380
47
47
1
644
1418
47
47
0
1533
1454
55
55
1
830
1462
51
51
0
1755
1467
30
30
0
486
1476
30
30
0
1249
1489
39
39
0
1648
1481
39
39
0
1798
1505
43
43
0
854
1506
51
51
0
1741
1532
55
55
0
820
1570
31
31
0
1250
1572
91
91
0
2214
1586
71
71
0
503
1603
35
35
0
1218
1593
55
55
0
2263
1600
43
43
0
1868
1622
30
30
1
1141
1653
35
35
0
981
1663
30
30
0
1166
1683
30
30
0
982
1704
35
35
0
443
1707
35
35
0
1462
1715
30
30
1
1732
1720
31
31
0
1638
1722
47
47
0
2162
1710
71
71
0
1676
1725
63
63
0
2231
1757
51
51
0
670
1752
55
55
1
1731
1760
35
35
0
2128
1761
71
71
0
739
1778
43
43
0
2245
1781
67
67
0
2396
1793
31
31
0
800
1796
43
43
1
1802
1801
55
55
0
865
1817
35
35
0
933
1838
35
35
1
1695
1840
31
31
0
987
1836
71
71
0
701
1866
31
31
0
1148
1887
47
47
0
1998
1885
83
83
0
1769
1895
51
51
0
1220
1919
35
35
0
2036
1923
47
47
0
1837
1941
75
75
0
2138
1942
39
39
0
1884
1957
67
67
0
1936
1991
39
39
