130
0
979
0
35
35
0
981
0
30
30
0
1015
0
35
35
0
1019
0
30
30
0
1057
0
30
30
0
1092
0
35
35
0
1135
0
30
30
0
69
77
51
51
0
767
91
63
63
0
46
107
31
31
0
116
177
31
31
0
80
199
51
51
0
127
290
30
30
0
268
370
43
43
0
136
442
43
43
0
2248
519
39
39
0
2006
526
31
31
0
65
608
35
35
0
98
612
31
31
0
128
615
31
31
0
84
647
30
30
0
115
649
31
31
0
145
652
31
31
0
162
688
31
31
0
1935
749
31
31
0
1963
775
39
39
0
2025
781
35
35
0
2086
787
35
35
1
210
807
35
35
0
1637
809
30
30
0
0
814
59
59
0
1953
816
51
51
0
1964
826
31
31
0
150
829
31
31
0
2018
828
39
39
0
2068
824
63
63
0
782
834
30
30
1
287
839
35
35
0
2084
840
31
31
1
629
856
39
39
1
468
861
43
43
0
721
851
91
91
0
1958
870
35
35
0
2016
878
35
35
0
739
880
30
30
0
2074
882
39
39
0
954
896
35
35
0
990
906
31
31
0
967
904
30
30
1
1084
905
51
51
0
1086
932
31
31
0
462
943
47
47
0
733
949
43
43
1
648
979
35
35
1
1683
985
55
55
1
254
1042
31
31
0
2311
1043
75
75
0
2148
1059
30
30
1
316
1067
39
39
0
393
1068
59
59
0
2101
1065
39
39
0
1659
1092
35
35
0
2214
1087
39
39
1
474
1106
47
47
0
1809
1109
47
47
1
289
1123
30
30
0
1071
1129
55
55
0
427
1135
30
30
0
1676
1134
39
39
0
1512
1146
51
51
0
1762
1158
30
30
0
0
1165
63
63
0
1657
1176
30
30
0
216
1186
30
30
1
324
1195
30
30
0
382
1193
30
30
1
731
1213
31
31
0
537
1222
30
30
0
486
1276
30
30
0
2257
1308
67
67
0
2243
1319
30
30
0
1663
1331
55
55
0
1137
1348
30
30
1
466
1378
51
51
1
641
1417
55
55
0
118
1432
30
30
0
2162
1449
30
30
0
1535
1458
39
39
1
830
1462
51
51
0
1752
1467
30
30
0
482
1477
39
39
0
1247
1489
43
43
0
1648
1481
39
39
0
1133
1497
47
47
0
130
1509
55
55
0
1801
1514
30
30
0
1741
1529
55
55
1
697
1537
31
31
0
2204
1569
91
91
0
72
1579
30
30
0
1269
1587
39
39
0
2263
1597
43
43
1
1141
1655
35
35
0
982
1663
30
30
0
0
1698
87
87
0
985
1705
35
35
0
1160
1706
31
31
0
1634
1715
55
55
1
1732
1720
31
31
1
1732
1762
31
31
0
2128
1761
71
71
0
2241
1765
31
31
0
736
1780
39
39
0
2245
1783
63
63
0
866
1798
31
31
0
801
1800
35
35
1
1806
1805
47
47
0
863
1804
55
55
0
932
1834
43
43
0
361
1853
30
30
0
987
1836
71
71
0
1998
1885
83
83
0
1769
1895
51
51
0
1220
1919
39
39
0
2036
1923
47
47
0
1838
1941
75
75
0
1884
1957
67
67
0
66
1966
30
30
0
1936
1991
39
39
0
92
2018
31
31
