114
0
977
0
39
39
0
982
0
30
30
0
1019
0
30
30
0
1057
0
30
30
0
1135
0
30
30
0
64
70
55
55
0
775
94
51
51
0
46
108
30
30
0
268
370
43
43
0
135
446
39
39
0
2400
450
30
30
0
2248
520
35
35
0
65
608
35
35
0
89
593
75
75
0
84
649
31
31
0
112
632
67
67
0
1935
748
30
30
0
1963
773
39
39
0
2025
781
35
35
0
2086
789
35
35
1
211
808
31
31
0
0
814
59
59
0
1953
816
51
51
0
1964
826
31
31
0
153
829
30
30
0
2018
828
39
39
0
2064
822
67
67
1
290
841
31
31
0
2080
838
35
35
0
2000
862
67
67
0
1958
870
35
35
0
726
872
47
47
0
2066
874
55
55
0
2016
878
35
35
0
2078
886
31
31
0
948
890
87
87
0
774
902
31
31
0
725
944
59
59
0
944
944
91
91
1
644
975
43
43
1
252
1042
30
30
0
1887
1049
35
35
0
2148
1059
30
30
1
413
1071
31
31
0
2101
1065
39
39
0
1142
1066
47
47
1
557
1081
51
51
0
1659
1092
35
35
1
399
1094
30
30
1
480
1108
31
31
0
1809
1109
47
47
0
1102
1118
75
75
1
289
1123
30
30
0
1573
1129
31
31
0
427
1135
30
30
0
1676
1134
39
39
0
1510
1151
55
55
0
2125
1147
43
43
0
1762
1158
30
30
0
0
1168
59
59
0
1657
1175
31
31
0
216
1184
30
30
0
382
1193
30
30
1
723
1205
47
47
0
537
1222
30
30
0
2244
1313
43
43
0
1665
1334
55
55
0
2261
1335
35
35
0
1137
1345
30
30
1
642
1414
51
51
0
1576
1423
55
55
0
118
1432
30
30
0
1535
1458
39
39
1
830
1460
51
51
0
1752
1467
30
30
0
1247
1489
43
43
0
1649
1485
31
31
0
129
1506
55
55
0
854
1509
51
51
0
1798
1514
30
30
0
1741
1529
55
55
0
819
1566
35
35
0
1269
1587
39
39
0
2217
1590
67
67
1
976
1616
55
55
0
1215
1619
51
51
1
1141
1655
35
35
0
981
1666
30
30
0
2233
1685
35
35
0
2180
1690
47
47
0
1461
1715
30
30
0
1638
1722
47
47
1
1733
1721
30
30
0
305
1735
55
55
0
2124
1748
79
79
0
2239
1761
39
39
1
1732
1762
31
31
0
674
1757
47
47
0
441
1771
35
35
0
1577
1784
30
30
0
1749
1793
30
30
1
1803
1803
51
51
0
866
1806
51
51
0
931
1830
51
51
0
987
1841
63
63
0
1770
1897
47
47
0
1220
1919
35
35
0
2039
1926
43
43
0
1837
1941
75
75
0
2138
1940
39
39
0
1884
1957
67
67
0
1942
1947
103
103
0
1943
1967
31
31
0
1934
1991
39
39
