154
0
2389
0
59
59
0
633
40
30
30
0
1447
54
55
55
0
609
61
31
31
0
740
70
30
30
0
512
127
30
30
0
665
133
30
30
0
1060
136
30
30
0
638
154
30
30
0
757
164
30
30
0
244
219
39
39
0
662
243
30
30
0
1062
251
31
31
0
284
295
30
30
0
1015
305
35
35
0
193
343
31
31
0
971
341
30
30
0
651
340
39
39
0
361
376
31
31
0
681
411
30
30
0
1499
500
30
30
0
681
567
30
30
0
716
569
30
30
0
753
572
30
30
0
688
602
35
35
0
19
605
39
39
0
727
607
30
30
0
762
610
31
31
0
1686
623
43
43
0
772
645
30
30
0
27
654
35
35
0
1334
736
30
30
0
553
752
35
35
1
801
765
39
39
0
704
769
31
31
0
548
776
55
55
0
2352
783
35
35
0
2056
809
31
31
1
1285
819
35
35
0
690
829
43
43
1
1274
832
47
47
0
1654
863
43
43
0
810
865
63
63
0
653
898
30
30
0
1701
893
35
35
0
670
910
31
31
0
1384
912
51
51
0
267
936
35
35
1
1275
940
39
39
0
1635
943
47
47
0
348
951
35
35
0
1955
974
31
31
0
697
985
31
31
0
53
1005
30
30
1
795
1009
35
35
0
653
1024
35
35
0
1807
1018
67
67
0
408
1028
71
71
0
2380
1041
51
51
0
1447
1045
30
30
0
358
1048
39
39
1
816
1082
39
39
0
0
1088
30
30
0
971
1089
35
35
0
2156
1089
30
30
0
2282
1090
35
35
0
1062
1115
30
30
0
2219
1128
39
39
0
45
1137
39
39
0
2380
1139
35
35
0
2365
1139
35
35
0
907
1153
30
30
1
843
1160
30
30
0
993
1163
31
31
0
0
1172
55
55
0
26
1160
67
67
1
1301
1168
51
51
0
1080
1184
31
31
0
93
1186
30
30
0
1396
1172
79
79
0
275
1210
47
47
0
1309
1199
63
63
0
854
1213
30
30
0
945
1212
30
30
0
1894
1251
31
31
0
1094
1256
30
30
0
2157
1277
31
31
0
118
1280
30
30
0
1753
1286
35
35
0
1742
1311
30
30
0
2298
1317
30
30
0
1644
1320
47
47
1
960
1335
59
59
0
2064
1361
30
30
0
2132
1364
39
39
0
145
1365
30
30
0
452
1375
47
47
0
1733
1360
99
99
0
485
1392
43
43
0
1430
1397
43
43
0
2159
1417
43
43
0
1071
1418
30
30
1
1362
1425
51
51
0
2385
1424
47
47
0
915
1449
31
31
0
1775
1454
55
55
0
556
1468
35
35
0
1579
1472
31
31
0
1140
1470
71
71
0
2229
1476
30
30
0
1385
1477
39
39
0
1015
1489
63
63
0
2361
1486
67
67
0
0
1518
51
51
0
824
1514
51
51
0
1350
1532
39
39
0
363
1531
43
43
0
140
1581
35
35
0
367
1574
59
59
0
2021
1590
43
43
1
2309
1677
39
39
0
333
1674
63
63
0
1037
1698
55
55
1
2304
1723
30
30
0
336
1742
31
31
0
255
1749
43
43
0
151
1764
43
43
0
199
1767
31
31
0
0
1773
43
43
0
417
1771
59
59
0
2063
1777
35
35
1
2239
1800
39
39
0
2356
1825
47
47
0
950
1830
31
31
0
81
1843
30
30
0
1581
1833
91
91
0
910
1862
30
30
0
693
1866
47
47
0
2324
1860
43
43
0
1446
1871
30
30
0
1765
1888
31
31
0
483
1897
31
31
0
198
1909
35
35
0
2408
1911
31
31
0
1533
1925
31
31
0
485
1944
30
30
0
949
1951
55
55
0
1998
1957
31
31
0
715
1966
39
39
0
1254
1935
115
115
0
175
1983
67
67
0
1017
1979
71
71
0
1623
1975
75
75
0
990
2018
30
30
