106
0
482
38
30
30
0
633
41
31
31
0
1447
54
55
55
0
508
134
31
31
0
660
134
35
35
0
633
152
35
35
0
732
204
79
79
0
688
222
30
30
0
0
248
39
39
0
682
354
35
35
0
407
362
59
59
0
642
391
35
35
0
595
467
67
67
0
681
567
30
30
0
716
570
30
30
0
753
572
30
30
0
691
604
30
30
0
727
607
30
30
0
762
610
31
31
0
702
641
30
30
0
734
640
35
35
0
772
645
30
30
1
801
765
39
39
0
552
783
47
47
1
886
799
39
39
0
1539
795
35
35
0
686
798
75
75
1
1098
822
35
35
1
1288
823
31
31
1
1790
868
55
55
0
1068
906
51
51
0
1140
932
30
30
0
262
936
35
35
1
1271
938
43
43
0
343
947
43
43
0
1951
975
39
39
1
795
1006
35
35
1
974
1034
35
35
1
869
1043
30
30
1
955
1057
30
30
0
2386
1057
35
35
1
1144
1060
35
35
1
1043
1067
35
35
1
820
1088
30
30
0
2283
1094
31
31
0
973
1097
31
31
0
2385
1102
43
43
0
974
1110
59
59
0
2212
1107
59
59
0
2363
1130
51
51
1
838
1158
31
31
0
908
1151
39
39
0
90
1170
43
43
0
990
1166
39
39
0
0
1176
51
51
0
1080
1184
31
31
0
1795
1189
91
91
0
130
1195
30
30
0
702
1199
43
43
0
280
1210
30
30
0
154
1227
31
31
0
2305
1238
39
39
0
1008
1238
30
30
0
2334
1295
51
51
0
0
1301
51
51
0
1004
1287
75
75
0
42
1315
35
35
0
1742
1311
30
30
0
1894
1340
30
30
1
970
1352
31
31
0
1916
1368
51
51
1
1155
1383
55
55
0
1736
1386
30
30
0
2208
1376
67
67
0
486
1400
30
30
0
2156
1410
63
63
0
2386
1413
59
59
1
1362
1426
55
55
0
2318
1447
30
30
0
1779
1458
47
47
0
2208
1472
31
31
0
2417
1472
31
31
0
1142
1474
63
63
0
2364
1484
67
67
0
1761
1508
30
30
0
1354
1534
30
30
0
1814
1531
83
83
1
1470
1571
71
71
0
1488
1628
30
30
0
1514
1646
30
30
0
1478
1674
31
31
1
2316
1681
31
31
0
2362
1713
35
35
1
2304
1723
31
31
0
0
1774
39
39
1
2376
1773
47
47
0
1194
1772
51
51
0
1388
1793
43
43
1
2239
1797
39
39
0
1074
1841
39
39
0
1577
1829
99
99
0
1765
1887
35
35
0
2405
1909
31
31
0
2393
1949
31
31
0
864
1978
30
30
0
863
2000
30
30
