96
0
639
0
43
43
0
482
37
30
30
0
630
38
35
35
0
1447
54
55
55
0
508
134
31
31
0
664
133
31
31
0
636
152
35
35
0
685
217
35
35
0
0
248
39
39
0
682
356
35
35
0
407
362
59
59
0
595
471
55
55
0
681
567
30
30
0
716
569
31
31
0
753
572
30
30
0
691
604
30
30
0
727
607
30
30
0
762
610
31
31
0
1687
630
35
35
0
702
641
30
30
0
734
640
35
35
0
770
645
35
35
0
774
647
30
30
0
1208
684
30
30
0
1710
766
31
31
0
552
783
47
47
1
889
796
43
43
0
1160
784
75
75
0
2056
809
31
31
0
1427
811
43
43
1
1284
819
39
39
1
1098
824
35
35
1
1790
868
55
55
0
1064
888
91
91
0
262
936
35
35
1
1271
937
47
47
0
344
947
43
43
0
1941
969
47
47
1
798
1007
31
31
0
1804
1016
67
67
0
954
1022
59
59
1
869
1043
30
30
1
953
1057
30
30
1
1146
1059
30
30
0
2388
1060
30
30
0
2241
1051
99
99
0
1790
1077
79
79
1
820
1089
31
31
0
969
1093
35
35
0
2383
1095
59
59
0
2201
1106
71
71
0
2368
1138
30
30
1
841
1158
30
30
1
1301
1164
55
55
0
0
1176
51
51
0
1080
1184
31
31
0
702
1196
47
47
0
280
1210
30
30
0
150
1225
30
30
0
133
1254
30
30
0
2329
1290
63
63
0
0
1301
55
55
0
1742
1311
30
30
1
970
1351
31
31
0
2400
1427
30
30
1
1366
1430
43
43
0
2318
1447
30
30
0
1771
1453
59
59
0
2197
1464
43
43
0
2364
1486
67
67
0
1354
1534
30
30
1
1470
1568
71
71
0
371
1577
47
47
0
2026
1591
31
31
1
1663
1613
39
39
0
1505
1625
31
31
0
1514
1646
30
30
1
2183
1652
30
30
0
1477
1670
39
39
1
2318
1681
30
30
1
2304
1723
31
31
0
1155
1762
47
47
0
0
1774
39
39
0
1250
1770
30
30
1
2376
1768
47
47
0
1379
1788
63
63
0
2369
1826
39
39
0
1765
1887
35
35
0
2405
1909
31
31
0
811
1920
30
30
0
798
1938
31
31
0
968
1970
31
31
0
0
1979
71
71
0
204
1991
35
35
0
926
1987
63
63
0
755
2000
39
39
