178
0
61
0
43
43
0
981
0
31
31
0
1019
0
31
31
0
1054
0
30
30
0
1064
0
67
67
0
1135
0
30
30
0
457
14
30
30
0
2033
35
30
30
0
2297
55
39
39
0
154
67
31
31
0
774
93
55
55
0
1891
105
30
30
0
456
150
31
31
0
2323
152
35
35
0
497
176
30
30
0
442
180
47
47
0
2062
183
35
35
0
2146
185
30
30
0
79
200
47
47
0
2418
237
30
30
0
2079
240
30
30
0
2279
243
31
31
0
125
287
31
31
0
1850
300
39
39
0
142
318
30
30
0
1854
335
31
31
0
1043
348
35
35
0
2002
363
39
39
0
266
369
43
43
0
1812
403
47
47
0
1800
428
35
35
0
133
439
47
47
0
51
469
35
35
0
2031
486
35
35
0
2401
478
47
47
0
1790
512
30
30
0
307
517
30
30
0
495
518
35
35
0
2241
512
47
47
0
2113
549
43
43
0
67
612
31
31
0
96
613
30
30
0
126
614
35
35
0
1026
636
35
35
0
113
647
35
35
0
143
651
35
35
0
1147
734
35
35
0
1849
729
47
47
0
753
737
30
30
0
330
741
35
35
0
384
748
30
30
0
180
758
35
35
0
1951
761
63
63
0
1963
773
39
39
0
1086
778
35
35
0
2021
777
43
43
0
2083
787
39
39
1
209
808
30
30
0
1638
809
30
30
0
0
817
55
55
0
1957
818
43
43
0
2006
815
63
63
0
151
824
30
30
0
1692
829
31
31
0
2022
832
31
31
0
2076
832
47
47
1
290
841
31
31
0
1511
850
31
31
1
471
861
35
35
0
128
875
31
31
0
1958
871
35
35
0
2012
872
43
43
0
737
878
30
30
0
2074
882
39
39
1
1092
916
31
31
0
462
943
47
47
1
648
979
35
35
0
950
977
47
47
0
1652
981
30
30
1
1692
992
35
35
0
1685
1010
39
39
0
1782
1022
43
43
1
251
1042
30
30
0
2148
1059
30
30
0
1131
1056
63
63
0
2105
1064
35
35
1
2315
1057
71
71
1
413
1072
31
31
0
1368
1089
31
31
0
1651
1074
67
67
0
2211
1086
43
43
1
466
1100
47
47
0
1805
1103
55
55
0
843
1118
30
30
0
2327
1130
30
30
0
1071
1131
55
55
0
504
1140
39
39
0
1675
1137
30
30
0
192
1142
39
39
0
1759
1158
31
31
0
1523
1162
35
35
0
1606
1167
75
75
0
0
1172
55
55
0
1658
1178
30
30
0
381
1193
30
30
0
1965
1200
47
47
0
456
1207
30
30
0
1575
1211
35
35
1
727
1211
39
39
0
2157
1216
31
31
0
218
1234
47
47
0
2413
1269
35
35
0
620
1271
43
43
0
488
1277
30
30
0
351
1285
35
35
0
1569
1309
35
35
0
21
1353
35
35
0
1279
1377
30
30
1
466
1379
51
51
0
2387
1384
51
51
0
2082
1395
30
30
1
640
1416
51
51
0
1151
1423
55
55
1
830
1462
51
51
0
1551
1462
30
30
0
1755
1467
30
30
0
1346
1471
35
35
0
2287
1464
47
47
0
1979
1483
35
35
0
1252
1493
35
35
0
1129
1493
55
55
0
1537
1496
31
31
0
1370
1502
35
35
0
1591
1514
31
31
0
1799
1514
30
30
0
644
1528
30
30
1
693
1533
39
39
0
1505
1554
31
31
0
2144
1563
35
35
0
818
1570
30
30
0
2186
1609
43
43
1
979
1613
35
35
0
1000
1633
35
35
0
329
1636
39
39
0
1819
1640
30
30
0
174
1648
31
31
0
2348
1652
31
31
0
1596
1657
30
30
0
1754
1647
75
75
0
982
1663
30
30
0
1003
1664
30
30
0
2376
1674
31
31
0
2235
1686
30
30
0
173
1689
30
30
0
1906
1707
35
35
0
1149
1709
43
43
0
1461
1718
30
30
0
1642
1715
43
43
0
959
1723
30
30
0
1682
1722
63
63
0
238
1751
39
39
0
2235
1761
43
43
1
1732
1762
31
31
0
2342
1784
55
55
0
735
1789
35
35
0
1749
1791
30
30
0
859
1794
63
63
0
2221
1811
31
31
0
936
1842
31
31
1
1688
1836
39
39
0
1214
1847
39
39
0
1084
1870
51
51
0
1769
1895
51
51
0
320
1905
39
39
0
811
1905
30
30
0
2138
1939
39
39
0
7
1964
31
31
0
516
2011
39
39
