97
0
639
0
43
43
0
476
36
39
39
0
1447
54
55
55
0
511
131
30
30
0
634
152
35
35
0
687
220
30
30
0
837
300
30
30
0
329
342
39
39
0
588
461
67
67
0
681
567
30
30
0
715
568
35
35
0
753
572
30
30
0
689
602
35
35
0
727
607
30
30
0
762
610
31
31
0
704
639
30
30
0
737
642
31
31
0
768
641
39
39
0
1522
756
30
30
1
798
760
47
47
0
707
766
30
30
0
552
783
47
47
1
890
801
35
35
0
1596
803
30
30
1
1280
815
47
47
0
1434
813
35
35
0
1279
834
31
31
0
1415
846
30
30
0
1643
857
79
79
1
1790
868
55
55
0
1413
877
91
91
0
1067
907
47
47
0
1208
922
35
35
0
1137
927
43
43
0
262
936
35
35
1
1271
936
47
47
0
1189
943
79
79
0
345
951
39
39
0
1169
970
31
31
0
1952
974
35
35
1
795
1006
35
35
1
974
1034
35
35
1
953
1057
30
30
1
1144
1058
35
35
0
2386
1057
35
35
1
1046
1069
31
31
1
820
1088
30
30
0
969
1089
35
35
0
2283
1094
31
31
0
2388
1102
43
43
0
2205
1110
63
63
0
2366
1133
47
47
1
841
1158
30
30
0
909
1155
30
30
0
2027
1160
31
31
0
89
1170
43
43
1
1301
1167
55
55
0
0
1179
47
47
0
131
1196
30
30
0
706
1201
39
39
0
280
1210
30
30
0
1312
1197
63
63
0
101
1247
30
30
0
170
1265
30
30
0
1105
1277
51
51
0
2336
1294
55
55
0
0
1301
51
51
0
46
1316
31
31
0
1045
1313
30
30
0
1742
1311
30
30
0
1894
1340
30
30
1
1154
1384
51
51
0
1736
1386
30
30
0
1881
1400
59
59
0
2156
1411
63
63
0
2381
1409
67
67
1
1358
1425
63
63
0
1779
1458
47
47
0
2204
1468
35
35
0
2409
1468
39
39
0
2364
1486
67
67
0
1354
1534
30
30
0
1200
1531
47
47
0
373
1583
31
31
0
2027
1591
30
30
1
1663
1613
39
39
0
1516
1646
30
30
1
2183
1655
30
30
0
1779
1663
47
47
1
2309
1679
39
39
0
1157
1699
51
51
0
2340
1701
59
59
1
2304
1723
31
31
1
2375
1766
51
51
0
2361
1825
43
43
0
1765
1887
35
35
0
0
1967
83
83
