54
0
566
7
39
39
0
1183
289
30
30
1
979
333
33
33
0
1246
329
30
30
1
590
361
39
39
1
837
367
31
31
0
253
388
33
33
0
1054
383
36
36
0
184
404
30
30
0
882
421
30
30
1
941
423
30
30
0
1151
431
31
31
0
1371
430
30
30
0
1157
486
30
30
0
1174
497
46
46
0
1227
509
31
31
1
804
535
30
30
0
1333
535
30
30
1
660
551
36
36
1
717
564
30
30
1
504
566
30
30
0
1412
572
39
39
1
900
583
39
39
0
1295
582
49
49
0
1561
587
33
33
0
1177
605
31
31
0
883
607
44
44
0
1213
630
30
30
0
555
684
33
33
0
1350
705
33
33
0
621
713
30
30
0
549
730
44
44
1
494
738
30
30
0
1126
744
30
30
1
873
763
33
33
0
607
758
46
46
1
704
779
52
52
0
1372
792
30
30
0
850
796
52
52
1
551
806
44
44
0
860
829
46
46
1
919
841
30
30
0
548
846
30
30
0
1026
846
30
30
0
567
888
30
30
1
840
890
30
30
0
689
895
30
30
1
547
943
30
30
0
321
955
49
49
0
364
959
30
30
0
455
962
30
30
0
1136
978
41
41
0
1245
1128
30
30
0
1570
1170
30
30
