60
0
565
7
30
30
0
1570
284
30
30
1
975
334
41
41
0
1034
343
30
30
1
587
357
46
46
1
835
366
30
30
0
1319
365
30
30
1
662
381
31
31
0
345
384
31
31
0
254
390
30
30
0
299
393
30
30
0
184
404
30
30
0
1249
407
30
30
1
945
422
30
30
0
1482
459
30
30
0
1394
490
30
30
1
801
535
30
30
1
667
550
30
30
0
1243
554
30
30
0
1512
560
30
30
1
502
565
36
36
1
718
564
30
30
1
642
571
30
30
0
1366
582
30
30
1
562
582
30
30
0
1558
584
41
41
0
942
584
39
39
0
628
604
30
30
0
556
617
30
30
1
498
634
30
30
0
699
650
30
30
0
548
666
30
30
0
603
682
30
30
1
497
687
30
30
0
1349
694
44
44
0
645
716
39
39
0
621
713
30
30
0
541
725
30
30
0
1121
743
33
33
0
648
756
30
30
1
865
761
44
44
0
1138
760
30
30
1
712
788
41
41
1
554
810
39
39
0
1127
809
30
30
1
920
840
30
30
0
542
850
39
39
0
567
890
30
30
0
904
907
30
30
0
1570
930
30
30
1
545
941
30
30
0
362
959
30
30
0
456
961
30
30
0
329
966
31
31
0
298
969
30
30
0
1135
978
41
41
0
480
992
30
30
0
1062
1078
30
30
0
872
1140
30
30
0
978
1170
30
30
