50
0
1366
31
30
30
1
976
324
39
39
0
1030
342
30
30
0
1228
344
30
30
1
588
360
41
41
1
836
364
30
30
0
1548
372
30
30
1
665
376
31
31
0
345
383
31
31
0
254
390
30
30
0
1062
385
30
30
0
1050
386
30
30
0
1240
388
30
30
0
184
404
30
30
0
1331
417
30
30
1
945
422
30
30
0
1370
430
30
30
0
1399
481
30
30
0
1370
492
36
36
0
1435
508
30
30
0
1325
510
30
30
1
804
533
30
30
1
668
550
30
30
1
716
564
30
30
1
504
563
39
39
0
1416
572
30
30
0
1353
587
44
44
0
1164
589
49
49
0
1556
586
30
30
0
702
596
30
30
0
630
608
30
30
1
497
633
30
30
0
1347
705
33
33
1
493
741
30
30
0
1123
745
31
31
1
870
762
36
36
0
1375
784
31
31
1
712
784
41
41
1
542
802
54
54
1
918
842
30
30
0
569
889
30
30
1
839
889
30
30
1
470
916
30
30
0
1570
929
30
30
1
547
940
30
30
0
364
959
30
30
0
329
967
31
31
0
297
970
30
30
0
481
992
30
30
0
1044
1010
30
30
