32
0
245
0
30
30
0
534
0
36
36
0
731
0
36
36
0
724
58
30
30
0
717
68
30
30
0
0
257
49
49
1
1094
368
36
36
1
1311
370
30
30
1
1158
384
30
30
0
860
389
30
30
0
487
409
30
30
0
151
435
30
30
0
197
445
33
33
0
1341
446
31
31
0
97
454
31
31
1
1245
540
30
30
1
1119
555
30
30
1
969
575
30
30
0
1267
690
30
30
0
1121
705
30
30
0
1482
744
30
30
1
1253
770
31
31
1
1108
791
41
41
0
1408
815
36
36
1
956
818
36
36
1
1192
895
30
30
0
968
919
30
30
1
919
949
30
30
0
745
967
30
30
0
193
1062
30
30
0
780
1170
30
30
0
1570
1170
30
30
