38
0
227
0
30
30
0
708
0
30
30
0
807
0
31
31
0
0
274
30
30
0
0
308
30
30
1
1072
366
36
36
1
1293
366
30
30
0
838
385
33
33
1
1138
381
30
30
0
1491
388
30
30
0
794
398
30
30
0
971
403
30
30
0
469
409
30
30
0
72
457
36
36
1
1227
536
30
30
1
1101
554
30
30
0
0
558
30
30
1
950
573
30
30
0
1539
605
33
33
0
1135
658
30
30
0
998
677
30
30
0
967
680
30
30
0
1247
689
30
30
0
1460
744
30
30
1
1234
764
36
36
1
1092
788
39
39
1
940
815
39
39
0
1226
829
30
30
1
1262
841
30
30
0
1349
850
36
36
0
711
850
54
54
1
1063
875
31
31
1
839
920
33
33
0
839
955
30
30
0
732
965
30
30
0
667
979
30
30
0
835
996
30
30
0
213
1061
31
31
