46
0
227
0
31
31
0
802
0
39
39
0
505
87
31
31
0
0
276
30
30
1
1072
366
39
39
1
1293
366
30
30
0
1475
374
46
46
1
1139
382
31
31
0
841
387
31
31
0
794
397
30
30
0
469
409
30
30
0
175
448
33
33
0
989
445
31
31
1
1227
537
30
30
1
1100
552
30
30
1
950
572
30
30
0
0
574
30
30
1
1303
586
33
33
0
1531
600
49
49
0
1133
656
36
36
0
1489
653
30
30
0
1067
668
30
30
0
1035
671
44
44
0
969
682
30
30
0
1570
708
30
30
0
1049
718
30
30
0
1456
743
39
39
0
1435
742
30
30
1
1237
764
33
33
0
1003
770
30
30
1
1092
788
36
36
1
940
817
39
39
0
1399
818
30
30
0
719
851
44
44
0
1108
866
30
30
0
957
895
30
30
1
1177
890
30
30
1
839
923
30
30
0
843
957
30
30
0
691
965
44
44
0
733
965
33
33
0
665
979
30
30
0
249
1053
30
30
0
173
1063
30
30
0
1026
1144
30
30
0
745
1170
30
30
