46
0
706
0
30
30
0
804
0
30
30
0
505
87
31
31
0
0
274
30
30
0
132
286
30
30
0
1359
326
49
49
1
1424
337
30
30
0
954
344
30
30
1
1072
362
39
39
1
1292
365
30
30
1
1138
380
30
30
0
840
386
30
30
0
756
395
31
31
0
1479
387
30
30
0
962
392
30
30
0
471
409
30
30
0
129
437
33
33
0
175
448
33
33
0
989
447
30
30
0
114
456
52
52
0
1570
482
30
30
1
1227
537
30
30
1
1101
555
30
30
1
950
571
30
30
1
933
637
30
30
0
1513
655
30
30
0
1037
667
49
49
0
967
672
30
30
1
916
692
30
30
0
1022
720
41
41
0
948
732
52
52
1
1235
766
36
36
1
1090
787
41
41
1
938
814
41
41
0
1478
819
30
30
1
1261
841
30
30
0
716
851
44
44
0
122
873
30
30
0
940
885
30
30
0
1046
898
30
30
1
837
936
30
30
1
905
946
30
30
0
731
967
30
30
0
838
996
30
30
0
215
1060
31
31
0
1191
1145
30
30
