48
0
520
0
36
36
0
801
0
46
46
1
1427
336
31
31
0
954
343
30
30
1
1075
366
33
33
1
1292
367
30
30
1
1137
383
30
30
0
840
386
30
30
0
1493
388
30
30
0
755
394
30
30
0
959
393
30
30
0
793
397
30
30
0
470
409
30
30
0
174
444
41
41
0
987
445
33
33
0
67
450
44
44
0
481
452
30
30
0
0
463
30
30
1
1227
537
30
30
1
1100
553
30
30
1
1077
572
30
30
1
951
574
30
30
1
1303
589
33
33
0
1538
606
30
30
0
1058
604
39
39
0
948
667
30
30
1
916
694
30
30
0
1114
706
30
30
0
1024
720
41
41
0
1460
743
30
30
1
1234
761
36
36
0
1000
769
30
30
1
1092
790
36
36
1
940
816
39
39
0
1392
814
36
36
0
1227
829
30
30
0
929
848
33
33
1
1262
842
30
30
0
715
851
46
46
0
1109
865
30
30
0
956
894
30
30
0
911
898
30
30
0
841
956
30
30
0
693
974
30
30
0
839
997
30
30
0
666
1031
30
30
0
175
1064
30
30
0
1503
1146
30
30
