43
0
520
0
39
39
0
705
0
30
30
0
806
0
30
30
0
645
7
33
33
0
653
32
30
30
1
1422
333
36
36
0
951
342
30
30
1
1071
358
46
46
1
1292
365
30
30
1
1137
379
30
30
0
840
385
30
30
0
756
395
31
31
0
1476
388
30
30
0
469
409
30
30
0
175
447
33
33
0
1286
478
59
59
0
1570
506
30
30
1
1227
536
30
30
1
1101
554
30
30
1
950
573
30
30
0
1536
603
36
36
1
929
642
30
30
0
1038
667
49
49
0
1023
717
30
30
0
1017
727
44
44
0
1461
743
33
33
1
1234
763
39
39
1
1092
789
36
36
1
938
812
41
41
0
1225
832
36
36
1
1263
838
30
30
0
718
851
44
44
0
1084
852
54
54
0
1354
849
30
30
0
956
893
30
30
1
838
929
31
31
1
905
947
30
30
0
841
956
30
30
0
0
971
30
30
0
695
973
30
30
0
835
997
31
31
0
173
1065
30
30
0
1169
1169
31
31
