54
0
729
0
44
44
0
1183
288
30
30
1
977
328
44
44
1
587
360
44
44
0
1357
359
30
30
1
836
363
30
30
1
665
379
30
30
0
254
389
30
30
0
1050
385
30
30
0
1061
387
30
30
0
184
404
30
30
0
887
423
30
30
0
1366
425
41
41
1
940
423
30
30
0
1371
431
30
30
0
508
445
30
30
1
800
535
30
30
1
668
550
30
30
1
724
561
30
30
0
1409
562
46
46
1
503
567
30
30
0
1220
571
30
30
0
1269
565
30
30
0
1292
581
46
46
1
886
576
52
52
0
1548
586
52
52
0
1174
601
41
41
0
631
608
30
30
0
883
606
46
46
0
694
654
30
30
0
621
663
31
31
0
554
683
36
36
1
498
690
30
30
0
1348
707
30
30
0
618
710
30
30
1
493
741
30
30
0
1359
744
31
31
0
1125
744
30
30
0
604
748
57
57
1
867
759
44
44
1
716
788
39
39
0
1370
790
36
36
1
551
806
44
44
0
1024
847
30
30
0
569
890
30
30
1
839
889
30
30
1
469
917
30
30
1
547
942
31
31
0
363
958
30
30
0
452
963
30
30
0
329
967
31
31
0
299
970
30
30
0
480
984
41
41
0
1060
1076
30
30
