56
0
730
0
39
39
0
566
9
36
36
0
1527
45
30
30
0
0
196
30
30
0
1175
290
36
36
0
1039
315
62
62
1
978
331
33
33
0
454
336
30
30
1
588
360
41
41
1
835
365
30
30
1
662
375
33
33
0
343
382
33
33
0
248
390
36
36
0
183
404
30
30
0
1183
417
30
30
1
937
423
30
30
0
1365
423
44
44
0
1370
430
30
30
0
571
446
44
44
0
1420
456
30
30
0
1499
484
30
30
0
1195
499
30
30
0
1491
505
30
30
0
1482
529
30
30
1
804
532
30
30
0
1411
566
39
39
1
503
572
30
30
0
1147
571
30
30
0
1417
571
30
30
1
633
577
30
30
0
1296
581
41
41
1
896
581
41
41
0
1558
584
39
39
0
632
596
41
41
0
1176
604
30
30
0
1196
643
30
30
0
549
671
30
30
0
1342
703
44
44
0
618
709
30
30
1
873
765
31
31
1
872
766
30
30
1
714
786
39
39
0
1374
786
30
30
0
1016
798
30
30
0
1336
803
30
30
1
552
809
41
41
1
918
841
30
30
0
1021
857
44
44
0
723
889
49
49
1
839
889
30
30
0
903
907
30
30
1
469
915
31
31
0
477
950
30
30
0
726
955
30
30
0
362
958
30
30
0
454
961
30
30
