49
0
707
0
30
30
0
646
9
30
30
0
0
92
30
30
0
530
209
30
30
0
0
268
36
36
1
1424
332
36
36
1
1071
359
46
46
1
1294
365
30
30
1
1138
382
30
30
0
756
395
31
31
0
1477
388
30
30
0
1491
389
30
30
0
794
397
30
30
0
470
409
30
30
0
0
436
30
30
0
175
447
33
33
0
989
446
31
31
0
1352
448
36
36
0
73
459
31
31
0
473
491
31
31
0
1284
483
59
59
1
1226
537
30
30
1
1102
554
30
30
1
952
571
30
30
0
1133
594
33
33
0
1538
604
30
30
0
1013
625
30
30
0
969
679
30
30
0
1019
713
30
30
0
954
730
30
30
0
956
740
36
36
0
1460
742
30
30
1
1237
766
31
31
0
1000
768
30
30
1
1090
789
41
41
1
938
814
41
41
0
1248
835
30
30
0
717
849
46
46
0
1352
855
33
33
0
775
866
30
30
0
957
895
30
30
1
1179
892
30
30
0
1238
907
30
30
1
839
921
33
33
1
905
945
30
30
0
840
955
30
30
0
837
996
30
30
0
213
1060
31
31
0
176
1068
30
30
