40
0
708
0
30
30
0
593
21
44
44
0
505
87
31
31
0
144
224
30
30
1
1425
336
30
30
0
953
342
30
30
1
1070
366
39
39
1
1292
366
30
30
1
1137
382
30
30
0
838
386
30
30
0
470
409
30
30
0
172
448
39
39
0
987
445
33
33
0
73
459
31
31
1
1226
535
30
30
1
1102
554
30
30
1
949
574
30
30
0
0
587
30
30
1
1296
583
41
41
0
1538
605
31
31
0
1320
656
30
30
0
967
679
30
30
0
1458
740
36
36
0
1570
741
30
30
1
1231
759
44
44
1
940
814
39
39
0
1350
849
39
39
0
715
851
44
44
0
1086
861
30
30
0
11
884
30
30
0
940
887
30
30
1
1179
892
30
30
1
905
946
30
30
0
840
955
30
30
0
694
973
30
30
0
1513
986
33
33
0
677
1030
30
30
0
176
1067
30
30
0
211
1063
33
33
0
1212
1170
30
30
