49
0
977
0
44
44
0
904
23
36
36
0
822
30
57
57
0
1026
33
39
39
0
959
47
33
33
0
958
81
30
30
0
290
201
30
30
0
327
263
30
30
0
180
305
30
30
0
265
315
31
31
1
1367
390
33
33
0
1131
402
33
33
0
1047
405
31
31
1
1429
407
31
31
0
744
413
30
30
0
442
418
41
41
0
390
438
36
36
0
438
444
41
41
0
245
493
33
33
0
169
539
30
30
1
1511
569
30
30
1
1381
580
30
30
1
1228
592
30
30
1
1424
597
30
30
1
1351
601
30
30
1
1278
608
30
30
0
827
626
33
33
0
1337
634
33
33
0
1260
640
30
30
1
1203
656
30
30
0
1546
696
30
30
1
1185
710
30
30
0
1528
723
30
30
1
1167
762
30
30
0
192
776
30
30
1
1502
799
39
39
0
215
801
30
30
1
1352
815
41
41
1
1203
834
33
33
0
968
863
49
49
1
1320
903
30
30
0
1492
915
30
30
0
770
921
30
30
0
947
975
33
33
0
467
1019
49
49
0
511
1025
30
30
0
441
1031
30
30
0
1409
1170
30
30
0
36
1170
30
30
