55
0
566
7
41
41
0
527
25
30
30
0
499
32
30
30
0
1362
34
30
30
0
175
196
30
30
0
64
215
31
31
0
1180
295
33
33
0
1461
319
30
30
0
282
330
30
30
0
454
338
30
30
1
588
359
41
41
1
835
363
30
30
0
1510
364
30
30
1
664
379
30
30
0
342
382
30
30
0
253
389
31
31
0
1050
385
30
30
0
471
388
30
30
0
184
403
30
30
0
1382
408
41
41
1
941
423
30
30
0
1365
428
36
36
0
487
438
33
33
1
801
531
30
30
1
668
551
30
30
0
1411
557
44
44
1
504
569
30
30
1
643
573
30
30
0
1300
586
39
39
0
1364
580
36
36
0
1556
583
41
41
0
1159
584
30
30
0
1200
587
30
30
0
1172
601
39
39
0
627
608
30
30
0
1150
617
41
41
0
1209
618
30
30
1
496
635
30
30
0
697
650
30
30
0
552
670
30
30
0
852
727
30
30
1
870
762
36
36
1
711
782
44
44
0
1376
788
30
30
0
1057
804
41
41
1
547
804
49
49
0
861
828
57
57
1
919
840
30
30
0
1020
844
41
41
0
905
906
30
30
0
329
966
31
31
0
1133
977
44
44
0
1086
992
30
30
0
573
1036
30
30
0
0
1170
30
30
