45
0
659
0
33
33
0
579
9
31
31
0
515
34
31
31
0
1542
40
41
41
1
999
335
44
44
1
609
361
44
44
1
855
368
30
30
1
688
381
30
30
0
362
385
30
30
0
274
391
30
30
0
202
404
30
30
0
1225
422
30
30
0
916
432
30
30
1
960
428
30
30
0
1363
449
33
33
0
1232
464
41
41
1
824
538
30
30
1
684
552
30
30
1
522
570
30
30
1
658
578
30
30
0
1175
587
30
30
0
1381
590
30
30
0
1569
597
31
31
0
1192
607
39
39
0
1172
627
30
30
0
735
652
30
30
0
872
661
33
33
0
1365
714
33
33
0
1275
717
30
30
0
1161
736
30
30
0
1139
750
30
30
1
884
764
36
36
1
730
786
41
41
1
565
808
44
44
0
1045
853
30
30
0
588
917
30
30
1
486
918
30
30
1
563
943
30
30
0
337
955
49
49
0
673
966
30
30
0
1145
981
49
49
0
1488
1007
30
30
0
759
1017
30
30
0
1086
1053
30
30
0
1252
1141
30
30
