43
0
1026
0
54
54
0
1038
0
30
30
0
1554
51
46
46
1
1424
366
39
39
1
1020
377
41
41
0
775
385
31
31
0
683
388
33
33
0
587
391
30
30
0
1491
390
30
30
1
1096
398
30
30
0
18
405
41
41
0
1495
431
33
33
0
268
437
30
30
1
1220
567
30
30
1
1079
572
31
31
1
914
582
30
30
1
1129
590
30
30
1
1052
595
30
30
0
300
607
30
30
1
1312
623
39
39
0
1039
630
30
30
1
901
647
30
30
0
1013
655
30
30
0
949
687
30
30
0
1241
698
30
30
0
1267
697
30
30
1
886
752
30
30
0
1556
793
30
30
0
1535
804
33
33
1
1265
807
31
31
0
262
815
30
30
1
1102
815
36
36
1
938
827
36
36
0
1255
854
30
30
1
1305
888
31
31
0
1405
898
49
49
0
1409
925
30
30
1
1216
931
30
30
0
699
961
30
30
0
187
991
30
30
0
226
989
30
30
0
255
1161
39
39
0
1570
1170
30
30
