55
0
730
0
39
39
0
565
6
30
30
0
494
25
39
39
0
1183
288
30
30
0
1213
321
33
33
0
455
336
30
30
1
587
362
41
41
1
836
362
30
30
0
1341
362
30
30
1
665
378
31
31
0
344
382
30
30
0
254
390
30
30
0
1051
386
30
30
0
1060
387
30
30
0
184
404
30
30
0
887
423
30
30
1
942
421
39
39
0
1370
429
30
30
0
506
445
30
30
0
882
515
30
30
1
805
533
30
30
0
1290
539
30
30
1
667
552
30
30
1
503
571
30
30
0
933
575
30
30
0
1295
579
44
44
0
1555
583
44
44
0
628
604
30
30
1
497
632
30
30
0
1162
637
31
31
0
1451
641
30
30
0
630
673
36
36
0
621
712
30
30
0
1259
713
30
30
0
624
723
36
36
0
1116
741
46
46
1
870
763
36
36
1
873
766
30
30
1
717
782
44
44
0
1377
786
31
31
1
552
810
41
41
1
916
841
30
30
0
549
847
31
31
0
1023
848
30
30
0
559
880
30
30
1
837
889
30
30
0
1570
930
30
30
0
365
958
30
30
0
455
962
30
30
0
329
968
30
30
0
1134
978
41
41
0
472
986
41
41
0
1480
1029
30
30
0
1046
1145
30
30
0
1324
1170
30
30
