44
0
521
0
33
33
0
706
0
30
30
0
576
33
36
36
0
0
273
30
30
0
1354
324
54
54
1
1424
333
36
36
1
1072
364
39
39
1
1292
367
30
30
1
1138
383
30
30
0
795
397
30
30
0
471
409
30
30
0
129
437
30
30
0
173
447
33
33
0
987
445
33
33
0
73
457
31
31
0
1525
484
30
30
1
1227
538
30
30
1
1102
554
30
30
1
1143
568
30
30
1
950
574
30
30
1
1293
578
49
49
0
0
608
30
30
0
1106
656
30
30
0
1104
662
41
41
0
1035
669
46
46
0
1066
668
30
30
0
968
680
30
30
0
1022
719
46
46
0
0
721
30
30
0
1444
735
52
52
1
1234
760
41
41
0
0
779
30
30
1
1090
789
41
41
1
940
815
41
41
1
1260
843
30
30
1
1178
891
30
30
0
1078
919
30
30
1
841
922
30
30
0
844
956
30
30
0
731
967
30
30
0
694
972
30
30
0
838
996
30
30
0
213
1059
33
33
0
1168
1164
36
36
