56
0
732
0
39
39
0
566
9
36
36
0
1368
23
52
52
0
1181
288
30
30
1
972
328
41
41
0
456
339
30
30
1
587
358
46
46
1
835
365
30
30
1
665
377
30
30
0
343
383
31
31
0
253
389
33
33
0
1050
386
30
30
0
1061
387
30
30
0
1508
397
30
30
0
183
404
30
30
0
1371
430
30
30
0
544
514
30
30
1
799
534
33
33
1
668
549
30
30
1
505
567
30
30
1
888
575
54
54
0
1558
585
41
41
0
1294
586
39
39
0
632
601
30
30
0
1171
597
46
46
0
959
625
30
30
1
498
636
30
30
0
695
649
30
30
0
656
664
30
30
0
550
670
30
30
0
1346
703
36
36
0
620
713
30
30
0
1124
738
41
41
1
493
741
30
30
0
1355
742
30
30
1
870
762
36
36
0
1154
761
30
30
0
1372
786
36
36
1
717
792
30
30
0
849
805
33
33
1
554
810
39
39
0
1137
837
30
30
1
919
840
30
30
0
1024
849
30
30
0
730
860
30
30
0
567
889
30
30
0
567
888
30
30
0
905
906
30
30
1
469
918
30
30
0
1570
929
30
30
0
477
950
30
30
0
364
959
30
30
0
454
961
30
30
0
299
970
30
30
0
1246
1127
30
30
0
987
1169
31
31
