53
0
605
0
46
46
0
524
22
36
36
0
1181
291
30
30
0
1530
312
30
30
1
976
331
36
36
0
454
337
30
30
1
587
357
44
44
0
1357
358
30
30
1
835
364
30
30
0
1553
373
30
30
1
661
383
33
33
0
343
383
31
31
0
252
389
31
31
0
296
392
30
30
0
184
404
30
30
1
936
424
30
30
0
1370
431
30
30
0
1204
469
30
30
0
1252
516
30
30
1
802
535
30
30
1
665
549
30
30
1
718
564
30
30
1
501
567
31
31
0
1409
564
49
49
0
1295
582
41
41
0
1365
582
31
31
0
1558
583
39
39
0
1554
607
46
46
0
630
608
30
30
0
708
609
39
39
1
500
634
30
30
0
692
652
54
54
0
703
666
33
33
0
1347
706
30
30
0
620
713
30
30
1
872
763
33
33
1
873
766
30
30
1
719
791
31
31
0
1372
788
30
30
1
552
812
41
41
1
919
845
31
31
0
558
880
30
30
1
837
891
30
30
0
693
894
30
30
1
468
918
36
36
0
321
955
49
49
0
363
958
30
30
0
455
961
30
30
0
328
967
30
30
0
296
970
30
30
0
1132
977
44
44
0
474
987
36
36
0
1525
1062
30
30
