51
0
565
7
30
30
0
488
15
52
52
0
1528
44
30
30
0
1181
291
31
31
0
1035
319
30
30
1
583
358
49
49
1
837
363
30
30
0
1297
369
30
30
0
1555
376
30
30
1
664
379
30
30
0
343
383
30
30
0
253
390
31
31
0
1049
387
31
31
0
184
404
30
30
1
945
421
30
30
0
1369
430
30
30
0
1323
494
30
30
1
804
533
30
30
0
1405
564
46
46
1
504
571
30
30
0
1296
584
41
41
0
1205
594
30
30
0
702
594
30
30
0
630
608
30
30
0
544
670
54
54
0
552
681
39
39
0
1347
701
49
49
0
621
713
30
30
0
1143
717
30
30
0
552
724
30
30
0
550
733
39
39
0
1351
741
30
30
0
1094
754
30
30
0
1062
761
31
31
1
873
764
33
33
1
716
786
39
39
0
1373
790
33
33
1
551
805
49
49
0
1045
813
62
62
1
919
841
30
30
0
1026
849
30
30
0
567
888
30
30
1
838
890
30
30
0
905
907
30
30
0
1570
926
30
30
1
546
942
30
30
0
323
956
46
46
0
364
959
30
30
0
454
961
30
30
0
299
969
30
30
0
329
967
31
31
