47
0
708
0
30
30
0
645
9
31
31
0
648
24
39
39
0
505
87
31
31
0
0
276
30
30
0
396
305
30
30
1
1426
336
30
30
1
1075
366
33
33
1
1294
364
36
36
1
1137
382
30
30
0
841
385
33
33
0
1494
385
30
30
0
757
393
31
31
0
963
396
30
30
0
793
398
30
30
0
470
409
30
30
0
984
443
36
36
0
1038
454
36
36
0
73
459
33
33
1
1228
538
30
30
1
1102
553
30
30
1
949
574
30
30
1
1002
586
30
30
0
1538
605
31
31
0
1055
613
44
44
0
979
625
49
49
0
1035
671
44
44
0
968
681
30
30
0
1462
744
30
30
1
1092
790
36
36
0
782
805
30
30
1
940
814
41
41
0
1546
813
30
30
0
718
851
44
44
1
1063
875
31
31
0
957
894
30
30
1
1178
892
30
30
1
838
929
33
33
0
869
937
30
30
1
901
949
31
31
0
840
955
30
30
0
731
965
30
30
0
694
973
30
30
0
837
996
30
30
0
210
1058
36
36
0
903
1058
30
30
0
899
1091
49
49
