55
0
487
19
49
49
0
1200
306
59
59
0
1498
340
30
30
0
1432
354
30
30
1
587
357
46
46
1
834
362
30
30
1
665
376
30
30
0
1191
375
30
30
0
255
390
31
31
0
184
404
30
30
0
507
445
31
31
0
1570
458
30
30
0
1417
459
33
33
1
802
533
30
30
1
667
550
30
30
1
718
564
30
30
0
1414
569
41
41
1
505
570
33
33
0
1297
580
46
46
0
1551
579
49
49
0
1169
598
46
46
0
713
612
33
33
0
1262
632
30
30
0
1414
655
30
30
0
698
653
30
30
0
624
659
30
30
0
554
683
36
36
0
1217
684
46
46
0
1346
701
36
36
0
619
710
30
30
1
495
739
30
30
0
526
741
30
30
0
1355
742
30
30
0
1126
744
30
30
1
873
764
33
33
1
873
766
30
30
1
714
784
41
41
0
1375
788
31
31
1
553
803
44
44
0
1220
801
30
30
0
1196
819
30
30
1
918
843
30
30
0
1023
855
31
31
0
717
857
30
30
1
840
887
30
30
0
692
893
30
30
0
904
907
30
30
1
471
917
31
31
0
364
958
30
30
0
455
961
30
30
0
329
966
31
31
0
474
988
36
36
0
1570
1002
30
30
0
1065
1097
30
30
0
1567
1104
33
33
