45
0
730
0
41
41
0
566
9
39
39
0
499
31
30
30
0
1365
29
30
30
0
1215
320
33
33
1
978
327
36
36
0
1354
339
30
30
0
454
338
30
30
0
1031
342
30
30
1
590
361
36
36
1
833
363
33
33
0
343
382
31
31
0
184
403
30
30
1
935
423
31
31
0
1371
430
30
30
0
509
444
30
30
0
911
450
30
30
1
804
532
30
30
1
668
548
30
30
0
1410
564
41
41
1
504
570
30
30
0
1294
581
46
46
1
895
580
44
44
1
496
633
30
30
0
695
650
30
30
0
1157
685
30
30
0
621
712
30
30
0
1120
743
36
36
0
1097
762
30
30
1
871
765
33
33
1
873
766
30
30
0
1032
788
30
30
1
716
787
36
36
0
1052
797
30
30
1
551
803
44
44
1
920
842
30
30
0
1026
849
30
30
1
838
891
30
30
1
470
917
30
30
1
547
941
30
30
0
363
958
30
30
0
323
957
46
46
0
454
961
30
30
0
328
967
30
30
0
299
970
30
30
