52
0
499
31
30
30
0
1182
289
30
30
1
979
333
33
33
0
454
337
30
30
1
586
361
46
46
1
835
363
30
30
1
664
376
30
30
0
342
383
30
30
0
253
389
33
33
0
1050
382
41
41
0
299
393
30
30
0
184
404
30
30
1
946
418
30
30
0
1370
430
30
30
0
535
508
30
30
0
1216
511
30
30
1
803
535
30
30
1
667
550
33
33
0
1410
559
52
52
1
505
569
31
31
1
717
566
30
30
0
1463
570
30
30
0
1298
580
41
41
0
1365
578
33
33
0
1570
587
30
30
0
705
594
30
30
0
1249
611
30
30
0
1142
642
30
30
0
1357
644
30
30
0
698
653
30
30
0
1275
668
30
30
0
1151
669
30
30
0
620
713
30
30
0
1569
715
31
31
0
1116
722
54
54
0
1353
743
30
30
1
870
762
39
39
1
716
786
39
39
0
1370
791
36
36
0
870
805
33
33
1
552
810
41
41
0
855
828
59
59
1
919
841
31
31
0
1026
849
30
30
1
839
890
30
30
0
905
907
30
30
1
468
919
39
39
0
1570
930
30
30
0
320
953
52
52
0
363
958
30
30
0
297
970
30
30
0
1133
977
44
44
