80
0
605
0
49
49
0
545
19
31
31
0
1302
298
30
30
0
1207
312
44
44
0
1046
312
59
59
1
979
331
33
33
0
1222
349
30
30
0
1041
350
30
30
1
590
361
41
41
1
836
364
30
30
0
343
381
33
33
0
254
390
30
30
0
184
404
30
30
0
1570
409
30
30
0
1264
414
54
54
0
886
421
30
30
1
941
423
30
30
0
583
426
30
30
0
507
445
31
31
0
635
450
30
30
0
1200
458
30
30
0
1471
476
30
30
0
798
480
30
30
0
1364
488
36
36
0
155
487
30
30
0
1027
497
30
30
0
761
529
33
33
1
804
530
30
30
0
1260
539
30
30
1
499
557
44
44
0
1486
556
30
30
1
638
573
30
30
0
1416
571
30
30
0
930
575
30
30
1
884
571
57
57
0
1299
578
46
46
1
565
584
30
30
0
1558
584
41
41
0
1212
593
36
36
0
1490
590
30
30
0
1178
603
36
36
0
1179
604
30
30
0
631
608
30
30
0
1479
623
30
30
0
611
631
30
30
1
498
635
30
30
0
698
653
30
30
0
1404
657
49
49
0
1246
673
30
30
0
730
674
30
30
0
1402
694
30
30
0
1342
691
52
52
0
1061
707
31
31
0
620
712
30
30
0
1115
724
31
31
0
1118
740
36
36
1
495
741
30
30
0
802
741
30
30
0
1353
744
30
30
0
638
752
30
30
1
870
761
36
36
0
634
784
30
30
0
1375
786
31
31
1
552
805
54
54
0
503
816
31
31
0
538
845
46
46
1
920
841
30
30
0
1027
849
30
30
0
716
857
30
30
0
1417
859
31
31
0
808
878
30
30
0
657
887
30
30
0
885
885
30
30
0
651
922
30
30
0
1570
931
30
30
0
323
956
46
46
0
365
959
30
30
0
456
961
30
30
0
297
971
30
30
0
1130
979
44
44
