41
0
707
0
30
30
0
565
20
49
49
0
505
87
31
31
1
1425
336
31
31
1
1072
363
41
41
1
1284
363
36
36
1
1137
385
31
31
0
1493
386
30
30
0
1477
388
30
30
0
963
392
30
30
0
792
397
30
30
0
470
409
30
30
0
1350
446
39
39
0
175
448
33
33
0
989
445
31
31
0
1286
481
54
54
0
1330
492
30
30
1
1227
537
30
30
1
1102
555
30
30
1
1144
564
30
30
1
950
573
30
30
0
1536
601
36
36
0
1126
601
30
30
1
933
638
30
30
0
1000
739
30
30
0
1461
744
30
30
0
822
770
30
30
0
1003
769
30
30
1
1085
784
46
46
1
940
815
39
39
0
1401
817
30
30
0
1339
832
59
59
0
1108
863
30
30
1
1178
891
30
30
0
956
894
30
30
1
905
947
31
31
0
841
956
30
30
0
694
973
30
30
0
837
995
30
30
0
210
1057
36
36
0
175
1065
30
30
