53
0
1107
0
46
46
0
1149
14
44
44
0
1084
65
30
30
0
471
132
30
30
0
1544
141
30
30
0
1570
141
30
30
0
443
174
33
33
0
318
174
36
36
0
13
176
30
30
0
380
218
41
41
0
476
238
30
30
0
224
355
30
30
1
1508
380
41
41
0
1271
388
33
33
0
869
393
33
33
0
870
394
30
30
1
1570
401
30
30
0
537
415
31
31
0
387
461
33
33
0
824
475
30
30
0
1564
501
36
36
1
1520
572
30
30
1
1363
582
30
30
1
1561
591
30
30
0
157
591
30
30
1
1489
596
30
30
1
1415
599
30
30
0
935
605
44
44
0
343
646
30
30
1
1335
648
30
30
0
1523
676
30
30
0
979
702
30
30
1
1316
703
30
30
1
1296
751
30
30
0
201
764
31
31
1
1481
811
44
44
1
1313
825
62
62
1
1445
899
31
31
0
104
918
30
30
1
1215
930
31
31
1
1546
921
54
54
0
1098
959
30
30
0
1065
961
33
33
0
28
967
30
30
0
1391
983
30
30
0
563
1000
30
30
0
273
1005
30
30
0
276
1086
30
30
0
145
1156
30
30
0
216
1161
30
30
0
580
1141
59
59
0
171
1170
30
30
0
29
1170
30
30
