62
0
566
9
36
36
0
1569
275
31
31
0
1182
288
30
30
1
978
330
41
41
0
1031
342
30
30
1
836
362
30
30
1
592
362
36
36
0
1553
377
31
31
1
664
374
36
36
0
342
384
30
30
0
254
391
30
30
0
1051
386
30
30
0
1060
387
30
30
0
469
388
30
30
0
595
393
30
30
0
184
404
30
30
0
1370
431
30
30
0
506
445
30
30
0
1534
476
30
30
0
152
487
30
30
1
805
538
30
30
1
667
552
30
30
0
1410
564
41
41
1
505
571
30
30
0
1364
574
36
36
1
639
573
30
30
0
1294
579
49
49
1
900
582
36
36
1
563
582
30
30
0
1173
597
44
44
0
702
596
30
30
0
631
608
30
30
0
1358
618
30
30
1
499
634
30
30
0
549
666
30
30
1
497
690
30
30
0
482
697
30
30
0
1347
705
30
30
0
1564
711
36
36
0
620
713
30
30
0
1353
745
33
33
0
1124
744
30
30
0
1054
753
41
41
1
873
764
33
33
0
1375
787
30
30
1
551
806
46
46
0
1069
816
31
31
1
919
841
30
30
0
711
848
57
57
0
1022
848
30
30
1
838
892
30
30
0
905
907
31
31
1
467
922
33
33
0
1570
929
30
30
0
476
950
30
30
0
323
956
46
46
0
362
958
30
30
0
455
961
30
30
0
298
971
30
30
0
479
991
30
30
0
1266
1121
30
30
0
1046
1140
30
30
