44
0
566
8
36
36
0
1525
43
31
31
0
40
237
30
30
0
1182
289
30
30
1
979
333
33
33
1
588
361
41
41
1
834
364
30
30
1
664
378
30
30
0
343
383
31
31
0
1050
386
30
30
0
1058
387
30
30
0
300
393
30
30
0
184
404
30
30
1
941
423
30
30
0
1370
429
30
30
0
909
452
30
30
0
1137
454
30
30
1
804
535
30
30
1
666
552
30
30
0
1495
556
30
30
0
1408
567
44
44
1
503
570
30
30
1
642
570
30
30
0
1295
582
46
46
0
1558
584
39
39
0
1176
601
41
41
0
611
629
30
30
1
498
634
30
30
0
697
649
30
30
0
518
672
54
54
0
554
684
36
36
0
1348
702
36
36
0
1142
727
30
30
0
1120
737
41
41
1
870
761
39
39
1
716
787
39
39
0
1372
783
39
39
0
1045
793
31
31
1
553
803
44
44
1
919
841
30
30
0
541
850
41
41
0
906
906
30
30
1
548
941
30
30
0
1131
971
44
44
