59
0
565
6
30
30
0
486
15
54
54
0
1524
43
31
31
0
0
193
30
30
1
979
332
33
33
0
1031
341
30
30
0
1360
350
30
30
1
588
361
39
39
1
835
362
30
30
0
1286
371
30
30
1
665
379
30
30
0
344
383
30
30
0
253
390
31
31
0
1060
387
30
30
0
184
404
30
30
1
941
423
30
30
0
1361
423
46
46
0
1371
430
30
30
0
1164
434
30
30
0
1275
440
30
30
0
859
477
65
65
1
804
533
30
30
1
666
547
30
30
1
803
546
30
30
0
1414
566
39
39
1
716
565
30
30
0
1269
562
30
30
1
503
569
30
30
1
640
572
30
30
1
895
576
46
46
0
1556
583
41
41
0
1301
588
33
33
0
1230
590
30
30
0
631
608
30
30
0
881
606
44
44
0
1362
618
30
30
1
499
634
30
30
0
695
650
30
30
0
1290
681
30
30
0
1352
705
30
30
0
616
713
30
30
0
1121
724
62
62
0
1354
743
30
30
1
867
766
41
41
1
720
790
30
30
1
548
802
54
54
0
857
825
62
62
1
920
841
30
30
0
730
861
30
30
1
839
889
30
30
0
535
894
30
30
1
469
915
33
33
0
1570
930
30
30
1
548
939
30
30
0
318
951
54
54
0
364
958
30
30
0
455
960
30
30
0
297
970
30
30
0
1132
977
49
49
