44
0
707
0
30
30
0
808
0
39
39
0
1
93
30
30
0
0
273
30
30
1
1426
337
30
30
0
950
339
36
36
1
1072
366
39
39
1
1293
369
30
30
1
1137
383
30
30
0
1477
388
30
30
0
754
394
30
30
0
1362
396
30
30
0
959
394
30
30
0
794
397
30
30
0
469
409
30
30
0
128
435
36
36
0
987
446
31
31
0
117
456
46
46
1
1226
537
30
30
1
1102
554
30
30
1
949
575
30
30
1
1071
581
30
30
0
1539
604
33
33
0
1105
657
30
30
0
0
688
36
36
0
1017
687
30
30
0
957
741
33
33
0
1461
743
33
33
1
1234
763
36
36
1
1093
793
33
33
1
940
816
39
39
0
1068
822
54
54
0
1219
830
57
57
1
1261
842
30
30
0
715
851
46
46
0
1082
852
59
59
1
1056
859
46
46
0
12
883
30
30
1
1178
891
30
30
0
840
955
30
30
0
694
973
30
30
0
839
996
30
30
0
210
1057
36
36
0
177
1065
30
30
