42
0
708
0
30
30
0
806
0
30
30
0
645
8
31
31
0
696
46
30
30
0
634
77
31
31
0
505
87
31
31
1
1426
335
30
30
1
1069
359
44
44
1
1291
365
30
30
1
1136
381
30
30
0
1476
387
30
30
0
1492
386
30
30
0
791
397
30
30
0
470
409
30
30
0
1415
422
31
31
0
987
445
31
31
0
73
456
33
33
0
1284
481
57
57
1
1225
535
30
30
0
64
545
36
36
1
1102
553
30
30
1
1148
564
30
30
1
950
571
30
30
1
1306
587
30
30
1
932
637
30
30
0
968
678
30
30
0
1019
714
30
30
1
1232
761
36
36
0
1002
763
39
39
1
1090
787
41
41
0
1211
798
44
44
1
938
815
39
39
0
716
851
44
44
0
916
847
41
41
0
1081
858
52
52
0
12
882
30
30
0
955
893
30
30
0
1233
908
30
30
0
842
956
30
30
0
731
967
33
33
0
896
1090
52
52
0
1026
1144
30
30
