48
0
229
0
30
30
0
1510
45
30
30
0
0
273
30
30
0
296
319
30
30
1
1422
333
39
39
0
1473
345
30
30
1
1072
363
39
39
1
1292
366
30
30
1
1139
381
30
30
0
748
386
39
39
0
1493
386
30
30
0
796
395
30
30
0
971
402
30
30
0
470
410
30
30
0
129
437
33
33
0
165
436
49
49
0
1349
439
49
49
0
989
446
31
31
0
114
453
52
52
1
1226
534
30
30
1
1102
553
30
30
1
949
574
30
30
1
1303
590
31
31
0
1125
602
30
30
0
1537
604
33
33
1
933
637
30
30
0
12
704
30
30
0
1082
708
52
52
0
1115
711
31
31
0
1459
742
31
31
1
1232
763
39
39
1
1090
789
41
41
1
940
815
41
41
0
1228
829
30
30
1
1264
841
30
30
0
1350
848
36
36
0
14
882
30
30
1
1178
890
30
30
1
841
923
30
30
1
904
947
30
30
0
841
955
30
30
0
1148
967
30
30
0
837
993
33
33
0
809
1054
30
30
0
213
1058
33
33
0
173
1068
30
30
0
1027
1144
31
31
0
1191
1149
30
30
