54
0
566
9
36
36
0
546
19
30
30
0
1530
46
30
30
0
631
76
30
30
0
1182
287
30
30
1
979
330
33
33
0
1291
332
30
30
1
585
357
46
46
1
837
364
30
30
1
665
376
30
30
0
342
383
30
30
0
252
389
33
33
0
183
404
30
30
0
1356
419
52
52
0
1371
430
30
30
0
1266
437
30
30
0
505
440
33
33
0
1217
454
30
30
0
1195
499
30
30
1
800
534
30
30
1
667
551
30
30
0
1132
560
30
30
0
1412
568
41
41
1
503
570
31
31
0
1296
582
41
41
0
1558
584
39
39
1
891
581
44
44
0
1170
593
44
44
0
631
608
30
30
0
884
608
41
41
0
451
684
30
30
0
1349
706
31
31
0
621
713
30
30
0
1409
715
30
30
0
544
726
30
30
1
495
743
31
31
1
870
761
39
39
1
873
766
30
30
1
715
784
39
39
0
1366
779
52
52
1
550
809
46
46
0
1062
818
30
30
0
1023
848
30
30
0
730
860
30
30
0
879
886
30
30
0
903
907
30
30
1
466
912
59
59
0
328
965
30
30
0
456
961
30
30
0
299
971
30
30
0
1136
978
41
41
0
1032
1165
30
30
0
1421
1170
30
30
0
1439
1170
30
30
