47
0
227
0
30
30
0
708
0
30
30
0
524
0
30
30
0
640
4
41
41
0
601
28
30
30
0
691
31
30
30
0
0
274
30
30
0
957
343
31
31
1
1075
367
33
33
1
1137
383
30
30
0
839
386
30
30
0
1476
388
30
30
0
793
397
30
30
0
469
409
30
30
0
470
409
30
30
0
174
445
36
36
0
1352
442
41
41
0
988
447
30
30
0
75
461
33
33
1
1226
536
30
30
1
1102
552
30
30
1
1144
567
30
30
1
948
572
30
30
1
1075
572
30
30
1
1300
585
36
36
0
1538
606
30
30
0
1055
613
44
44
0
1056
612
30
30
1
928
639
30
30
0
968
681
30
30
0
1009
718
59
59
0
1460
745
30
30
1
1237
766
31
31
0
1002
767
30
30
1
1092
787
36
36
0
1206
798
52
52
1
931
811
46
46
0
44
835
30
30
1
1262
840
30
30
0
1355
851
30
30
0
13
882
30
30
0
956
894
30
30
1
842
922
30
30
1
904
946
30
30
0
842
956
30
30
0
1113
1003
30
30
0
175
1065
30
30
