44
0
606
0
39
39
0
726
5
41
41
0
865
25
33
33
0
63
199
31
31
0
0
245
46
46
0
104
262
30
30
0
82
268
30
30
0
37
316
36
36
1
1165
363
44
44
1
1390
375
30
30
1
1234
387
30
30
0
560
404
30
30
0
280
434
36
36
0
26
499
39
39
1
1320
544
30
30
1
1193
556
30
30
1
1236
571
30
30
1
1042
576
30
30
1
1093
588
30
30
1
1395
599
31
31
0
1151
615
33
33
1
1020
640
30
30
0
1058
679
30
30
0
0
694
54
54
1
1004
696
30
30
0
1555
756
31
31
1
1320
771
39
39
1
1176
791
41
41
1
1023
813
44
44
0
1473
816
46
46
0
801
851
44
44
0
1434
857
39
39
1
1146
878
30
30
0
1316
884
30
30
0
327
891
30
30
0
1127
901
30
30
0
0
898
57
57
0
850
916
30
30
0
1169
955
30
30
0
813
964
30
30
0
777
968
30
30
0
300
1038
36
36
0
265
1046
30
30
0
0
1065
30
30
