47
0
707
0
30
30
0
594
25
39
39
0
0
271
31
31
0
1354
323
52
52
1
1425
334
33
33
1
1075
367
33
33
1
1293
364
30
30
1
1137
383
31
31
0
1049
380
30
30
0
755
393
31
31
0
1478
388
30
30
0
960
393
30
30
0
794
397
30
30
0
470
409
30
30
0
174
445
36
36
0
1562
448
30
30
0
1570
448
30
30
0
75
455
31
31
0
1285
476
65
65
1
1228
536
30
30
1
1102
554
30
30
1
950
572
30
30
0
1522
592
59
59
0
1053
609
30
30
0
1012
628
30
30
1
929
639
30
30
0
997
677
31
31
0
968
680
30
30
1
916
694
30
30
0
1066
714
41
41
0
1021
714
30
30
1
1092
789
36
36
1
940
815
39
39
0
1391
809
44
44
0
718
851
44
44
0
1352
850
30
30
0
12
881
30
30
0
956
895
30
30
1
1178
891
30
30
0
913
898
30
30
0
1231
908
30
30
1
839
929
31
31
0
839
955
30
30
0
729
965
30
30
0
680
961
57
57
0
666
978
30
30
0
766
998
30
30
