39
0
0
274
30
30
0
333
301
30
30
1
1426
335
30
30
0
953
342
30
30
1
1072
364
36
36
1
1293
369
30
30
0
839
383
33
33
1
1137
381
30
30
0
971
404
30
30
0
469
409
30
30
0
129
437
33
33
0
173
444
39
39
0
987
445
31
31
1
1228
537
30
30
0
47
551
30
30
1
1101
553
30
30
1
949
573
30
30
0
1538
601
33
33
0
1103
623
30
30
1
930
637
30
30
0
1066
728
30
30
0
1461
743
31
31
1
1236
762
36
36
0
1001
769
30
30
1
1092
791
36
36
1
937
810
41
41
0
718
851
44
44
0
1348
845
39
39
0
1087
861
30
30
0
11
884
30
30
1
1179
891
30
30
1
841
922
30
30
0
1567
929
33
33
0
827
930
62
62
0
729
967
31
31
0
819
968
30
30
0
693
973
30
30
0
210
1057
36
36
0
175
1064
30
30
