41
0
651
32
30
30
0
1069
292
30
30
1
1427
336
31
31
0
953
341
30
30
1
1072
366
39
39
1
1289
366
31
31
0
841
384
31
31
1
1137
383
30
30
0
793
397
30
30
0
470
409
30
30
0
129
437
30
30
0
175
447
33
33
0
1352
446
39
39
0
990
446
30
30
0
67
456
41
41
1
1227
537
30
30
1
1101
552
30
30
1
950
571
30
30
1
1291
582
44
44
0
1534
600
36
36
0
1057
612
46
46
0
1107
655
30
30
0
1100
660
52
52
0
1066
667
30
30
0
1035
671
44
44
0
1460
744
30
30
1
902
750
30
30
1
1091
786
44
44
0
0
792
30
30
0
1396
815
33
33
1
940
815
39
39
0
1474
815
36
36
0
1248
835
30
30
0
1351
846
30
30
0
956
894
30
30
1
1177
895
30
30
1
905
948
30
30
0
842
955
30
30
0
210
1058
36
36
0
172
1066
30
30
0
306
1122
30
30
