58
0
565
6
30
30
0
545
19
31
31
0
499
32
30
30
0
0
243
30
30
0
1181
288
30
30
1
980
332
30
30
1
590
362
39
39
1
835
364
30
30
1
663
377
30
30
0
342
384
30
30
0
255
391
31
31
0
1058
387
30
30
0
300
393
30
30
0
183
404
30
30
0
1230
421
30
30
0
886
422
30
30
1
941
423
30
30
0
1360
423
52
52
0
1371
430
30
30
0
908
445
31
31
0
507
445
31
31
0
1217
451
30
30
0
1511
468
30
30
1
802
532
30
30
1
667
551
30
30
0
1473
551
30
30
0
1412
564
41
41
1
504
568
30
30
1
898
582
39
39
0
1563
584
31
31
0
1294
577
54
54
0
630
608
30
30
0
552
613
30
30
0
1426
639
30
30
0
1059
699
30
30
0
687
703
30
30
0
1349
706
30
30
0
618
710
30
30
1
492
741
30
30
0
1354
744
30
30
1
873
766
30
30
0
1095
770
31
31
1
716
786
36
36
1
554
809
41
41
0
1087
816
41
41
1
919
840
30
30
0
1023
849
30
30
0
567
888
30
30
1
839
891
30
30
1
470
916
30
30
0
505
927
30
30
1
549
942
30
30
0
323
955
49
49
0
364
959
30
30
0
456
962
30
30
0
329
967
31
31
0
298
970
30
30
0
1133
977
44
44
