47
0
566
9
39
39
0
1182
290
30
30
0
1400
309
30
30
1
981
333
31
31
1
589
360
44
44
1
835
363
30
30
1
664
377
30
30
0
343
382
30
30
0
254
390
30
30
0
300
393
30
30
0
184
404
30
30
0
1371
430
30
30
0
153
487
30
30
1
804
533
30
30
0
1409
538
30
30
1
668
549
30
30
0
1469
554
30
30
1
717
566
30
30
0
1411
565
44
44
1
503
570
30
30
0
1290
570
52
52
0
1365
582
36
36
1
562
582
30
30
0
708
586
41
41
0
630
604
30
30
0
698
653
30
30
0
1345
695
49
49
0
544
721
30
30
0
1053
740
31
31
0
1124
744
30
30
0
1098
754
30
30
1
873
764
33
33
0
1038
763
30
30
1
716
783
39
39
0
1373
791
33
33
1
552
811
41
41
0
851
812
30
30
1
839
890
30
30
0
708
897
30
30
1
470
918
30
30
1
548
940
30
30
0
321
955
49
49
0
364
959
30
30
0
299
970
30
30
0
1078
1010
30
30
0
1530
1130
70
70
0
933
1156
44
44
