42
0
227
0
30
30
0
803
0
33
33
0
505
87
31
31
0
0
274
30
30
1
1425
333
33
33
0
953
343
30
30
1
1072
364
36
36
1
1291
370
30
30
1
1137
383
30
30
0
841
387
30
30
0
1494
386
30
30
0
1478
388
30
30
0
960
394
30
30
0
469
409
30
30
0
175
449
33
33
0
990
446
30
30
0
1531
483
30
30
0
1538
501
30
30
1
1101
551
30
30
1
949
575
30
30
0
1529
598
44
44
0
1052
597
52
52
0
1058
625
36
36
1
933
638
30
30
0
1036
670
30
30
0
1042
676
36
36
0
1513
703
30
30
0
1020
717
30
30
0
1461
740
33
33
1
1237
766
33
33
0
1485
772
30
30
1
1092
791
36
36
1
940
814
39
39
0
1408
816
30
30
0
1350
848
41
41
0
1109
864
30
30
1
1063
874
31
31
0
955
891
33
33
1
903
948
30
30
0
842
955
30
30
0
248
1055
31
31
0
176
1064
30
30
