51
0
516
0
39
39
0
706
0
30
30
0
806
0
36
36
0
505
87
31
31
0
0
273
30
30
0
1291
326
31
31
1
1426
334
30
30
1
1068
367
41
41
1
1292
366
30
30
1
1137
383
30
30
0
840
387
30
30
0
961
393
30
30
0
794
397
30
30
0
470
409
30
30
0
470
409
30
30
0
173
440
46
46
0
988
447
30
30
0
1350
450
36
36
0
70
454
39
39
0
436
494
30
30
1
1226
537
30
30
0
1544
549
30
30
1
1101
553
30
30
0
841
560
30
30
1
1144
566
30
30
1
948
574
30
30
0
1570
583
30
30
1
1295
580
44
44
0
1534
599
41
41
0
1017
601
30
30
0
1123
607
49
49
1
929
638
30
30
0
1173
637
30
30
0
968
679
30
30
0
947
697
30
30
0
1086
712
39
39
0
1493
710
30
30
0
1020
717
30
30
0
1024
729
36
36
0
1002
768
30
30
1
1091
785
44
44
1
940
816
39
39
0
712
848
57
57
0
927
853
31
31
0
1108
863
30
30
0
937
888
36
36
1
1180
890
30
30
1
841
922
30
30
0
839
955
30
30
0
728
967
30
30
0
210
1057
36
36
