58
0
526
0
30
30
0
565
7
30
30
0
1182
290
30
30
0
1216
316
36
36
0
453
338
30
30
0
1029
342
30
30
0
1315
343
30
30
1
587
355
46
46
1
836
364
30
30
1
664
379
30
30
0
342
382
30
30
0
252
387
33
33
0
1050
387
30
30
0
1063
387
31
31
0
471
388
30
30
0
1284
405
30
30
0
184
404
30
30
0
1205
411
31
31
1
945
421
30
30
0
1371
430
30
30
0
1425
437
31
31
0
489
438
31
31
0
511
445
30
30
0
1213
455
30
30
0
1446
478
30
30
1
807
536
33
33
1
669
551
30
30
1
504
571
30
30
0
1289
578
52
52
1
892
575
54
54
1
562
582
30
30
0
700
596
30
30
0
629
604
30
30
1
497
636
30
30
0
1320
655
36
36
0
698
653
30
30
0
1349
696
46
46
0
673
723
30
30
0
1124
743
30
30
0
634
749
30
30
1
870
760
36
36
1
716
786
39
39
0
1373
787
33
33
1
549
804
44
44
0
1085
818
30
30
1
922
840
30
30
0
1023
849
30
30
0
567
888
30
30
1
840
889
30
30
0
576
899
49
49
0
905
907
30
30
0
321
954
49
49
0
364
959
30
30
0
455
961
30
30
0
329
966
30
30
0
297
970
30
30
0
1131
972
54
54
0
1059
1076
30
30
