64
0
499
31
30
30
0
1365
33
30
30
0
1182
288
30
30
0
1443
319
30
30
0
905
331
44
44
0
455
339
30
30
1
590
361
41
41
1
837
361
33
33
0
1324
365
30
30
0
1479
362
30
30
0
1384
364
30
30
1
663
379
31
31
0
255
390
31
31
0
1053
387
33
33
0
471
388
30
30
0
302
393
30
30
0
1512
399
30
30
0
184
404
30
30
1
939
430
30
30
0
1372
430
30
30
0
1463
464
30
30
0
1203
472
30
30
0
1500
480
39
39
1
803
537
30
30
0
1205
539
30
30
1
667
550
30
30
1
718
565
30
30
1
501
571
31
31
1
898
580
39
39
0
1459
580
30
30
0
1365
580
30
30
0
1298
586
36
36
0
1558
584
39
39
0
1178
601
41
41
0
632
608
30
30
0
663
614
30
30
1
500
635
30
30
0
1289
647
30
30
0
1551
692
49
49
0
1343
698
44
44
0
616
714
30
30
0
671
721
30
30
0
1065
728
30
30
0
1351
743
33
33
0
1124
744
30
30
1
872
762
36
36
0
615
763
33
33
1
716
784
41
41
0
1366
786
41
41
1
919
842
30
30
0
1026
849
30
30
0
1152
848
30
30
0
560
882
30
30
1
837
889
30
30
0
883
885
30
30
0
747
899
30
30
0
904
907
30
30
0
1570
930
30
30
1
547
943
30
30
0
364
957
30
30
0
456
963
30
30
0
329
965
33
33
0
1133
977
44
44
0
479
990
31
31
