49
0
721
0
46
46
0
499
32
30
30
0
1183
288
30
30
1
974
327
39
39
1
590
364
39
39
1
835
364
30
30
0
343
382
31
31
1
664
378
30
30
0
254
392
30
30
0
1053
385
30
30
0
1061
387
30
30
0
184
404
30
30
0
1372
430
30
30
0
487
439
30
30
0
509
445
31
31
0
1478
543
30
30
1
667
549
30
30
1
718
562
30
30
1
504
566
30
30
0
1414
567
41
41
0
1560
582
36
36
0
1296
586
41
41
0
1172
595
46
46
0
704
595
30
30
0
1179
604
30
30
0
631
608
30
30
0
1570
617
30
30
0
1424
634
30
30
1
499
633
30
30
0
1245
646
30
30
0
1118
659
46
46
0
554
684
36
36
0
1344
703
39
39
0
1570
711
30
30
0
671
721
30
30
0
1121
739
46
46
0
1354
744
30
30
1
870
762
36
36
1
700
776
59
59
0
1376
786
30
30
1
554
814
39
39
0
603
837
30
30
1
918
841
30
30
1
839
891
30
30
1
470
915
30
30
0
1570
930
30
30
0
455
961
30
30
0
330
966
30
30
0
1555
1167
33
33
