60
0
486
14
52
52
0
1181
289
30
30
0
1400
293
30
30
1
977
330
33
33
1
590
362
39
39
1
832
360
39
39
0
342
383
31
31
1
665
378
30
30
0
1556
381
30
30
0
253
389
31
31
0
1049
380
44
44
0
184
404
30
30
0
1366
424
39
39
1
939
426
30
30
0
1371
431
30
30
0
1273
433
30
30
0
1211
452
30
30
0
1153
455
30
30
0
1227
471
30
30
0
153
487
30
30
0
744
507
30
30
0
1403
526
30
30
1
804
534
30
30
0
1177
539
30
30
0
1467
548
30
30
1
665
548
30
30
1
717
564
30
30
0
1411
563
46
46
1
504
567
30
30
0
1301
587
33
33
0
1558
585
39
39
0
1172
597
46
46
0
704
594
30
30
0
1179
604
30
30
0
1131
618
54
54
0
698
653
30
30
0
1545
663
30
30
0
546
676
52
52
0
554
682
36
36
0
1548
677
52
52
1
497
686
30
30
0
1351
707
33
33
0
619
710
30
30
0
1120
733
52
52
1
873
764
33
33
1
873
766
30
30
0
1370
784
36
36
1
714
788
39
39
1
547
806
46
46
1
919
840
30
30
0
568
889
30
30
1
839
892
30
30
1
470
918
30
30
0
1570
927
30
30
0
363
958
30
30
0
329
965
31
31
0
453
962
30
30
0
1130
977
49
49
0
1058
1076
30
30
0
1037
1117
30
30
