52
0
565
8
30
30
0
1182
289
30
30
0
1532
314
30
30
1
979
331
33
33
1
588
360
41
41
1
837
364
30
30
1
665
375
31
31
0
346
382
30
30
0
256
390
30
30
0
1051
386
30
30
0
1060
387
30
30
0
1512
400
30
30
0
183
404
30
30
0
1371
430
30
30
0
1186
486
30
30
0
859
480
62
62
1
804
533
30
30
1
667
548
30
30
1
716
565
30
30
0
1414
569
39
39
1
503
568
30
30
1
642
572
30
30
0
1296
585
36
36
0
1558
584
39
39
0
631
608
30
30
0
698
653
30
30
0
818
662
39
39
0
1561
684
39
39
0
528
690
30
30
0
1346
692
52
52
0
621
713
30
30
0
1110
721
30
30
0
1355
742
30
30
0
635
755
31
31
1
870
761
36
36
1
873
766
30
30
1
704
777
54
54
0
1370
788
39
39
0
1055
801
49
49
1
551
807
44
44
0
1023
849
30
30
0
572
889
30
30
0
534
895
30
30
0
691
893
30
30
1
472
915
30
30
0
507
936
30
30
1
548
943
30
30
0
456
961
30
30
0
329
966
31
31
0
298
970
30
30
0
1135
978
41
41
0
479
993
30
30
