52
0
228
0
30
30
0
706
0
30
30
0
635
75
31
31
0
505
87
31
31
0
609
253
30
30
0
0
272
30
30
1
1424
332
36
36
1
1072
364
36
36
1
1294
366
30
30
0
57
368
30
30
0
837
383
33
33
1
1136
383
30
30
0
1476
388
30
30
0
793
397
30
30
0
470
409
30
30
0
120
432
41
41
0
172
445
36
36
0
988
447
30
30
0
70
456
36
36
0
1532
523
30
30
1
1227
534
30
30
1
1101
554
30
30
1
1143
568
30
30
1
949
574
30
30
0
1337
588
31
31
0
1540
607
31
31
0
1055
609
30
30
0
979
627
46
46
0
1037
667
30
30
0
968
672
30
30
0
1040
676
39
39
0
1022
720
41
41
0
1091
719
33
33
0
0
732
30
30
0
954
733
41
41
0
1461
743
33
33
1
1237
766
31
31
0
1058
811
30
30
1
940
816
36
36
1
1261
841
30
30
0
1348
849
39
39
0
716
851
44
44
0
1082
858
52
52
1
1261
854
30
30
0
956
894
30
30
0
1238
907
30
30
0
841
955
30
30
0
810
1044
30
30
0
213
1061
31
31
0
174
1065
30
30
0
1559
1170
30
30
0
1570
1170
30
30
