48
0
795
0
46
46
0
658
14
30
30
0
644
30
36
36
0
381
262
30
30
1
1422
332
36
36
0
952
343
30
30
1
1072
363
39
39
1
1292
367
30
30
0
990
377
30
30
1
1136
382
30
30
0
840
386
30
30
0
1477
387
30
30
0
1491
389
30
30
0
791
397
30
30
0
469
409
30
30
0
173
447
33
33
0
987
446
30
30
0
1350
448
36
36
0
73
458
31
31
0
470
486
41
41
1
1225
537
30
30
1
1101
553
30
30
1
950
572
30
30
1
1298
584
39
39
0
1536
602
36
36
0
1371
641
30
30
0
997
680
30
30
0
0
712
30
30
0
957
738
33
33
0
1456
743
36
36
1
1235
766
33
33
0
1003
766
30
30
1
1090
785
39
39
1
940
814
41
41
0
1263
838
30
30
0
1350
850
39
39
0
716
851
44
44
0
1086
860
30
30
0
12
883
30
30
1
839
922
31
31
0
840
955
30
30
0
729
966
30
30
0
693
972
30
30
0
206
1055
39
39
0
1159
1062
33
33
0
173
1064
30
30
0
896
1089
52
52
0
1190
1145
30
30
