59
0
718
0
57
57
0
565
8
30
30
0
1182
290
30
30
0
1402
318
30
30
1
978
330
36
36
0
454
339
30
30
0
1028
343
30
30
0
1363
359
30
30
1
588
362
41
41
1
836
362
30
30
0
1055
372
33
33
0
343
380
33
33
1
663
377
31
31
0
254
390
30
30
0
183
404
30
30
0
1277
417
30
30
1
937
425
30
30
0
486
436
41
41
0
1472
442
30
30
0
1489
520
30
30
1
803
533
31
31
0
1469
546
30
30
1
669
554
30
30
1
715
563
30
30
1
495
562
44
44
1
561
582
30
30
1
898
583
36
36
0
1367
581
31
31
0
1165
600
52
52
0
630
608
30
30
1
497
635
30
30
0
823
673
31
31
0
554
684
36
36
0
1345
698
46
46
0
1260
712
30
30
0
620
713
30
30
0
549
724
30
30
0
1121
732
46
46
0
1564
734
30
30
0
1348
742
36
36
0
1570
758
30
30
0
632
759
30
30
1
870
762
36
36
0
609
764
33
33
1
873
766
30
30
0
1033
785
30
30
1
716
786
36
36
0
1375
785
31
31
0
1057
800
30
30
1
554
806
41
41
0
846
799
30
30
1
921
840
30
30
1
838
891
30
30
0
903
907
30
30
1
469
917
46
46
0
1570
930
30
30
0
475
949
33
33
0
365
956
30
30
0
454
961
30
30
