35
0
708
0
30
30
0
646
9
30
30
0
0
274
30
30
1
1293
364
30
30
1
1074
367
36
36
1
1138
382
30
30
0
839
386
30
30
0
1479
386
33
33
0
795
398
30
30
0
471
409
30
30
0
129
437
33
33
0
986
443
36
36
0
72
454
39
39
1
1227
536
30
30
1
1102
554
30
30
1
948
571
31
31
1
1297
580
44
44
1
1071
580
30
30
0
1538
606
30
30
0
1058
611
30
30
0
997
677
30
30
0
1457
734
39
39
1
1092
791
36
36
1
940
816
39
39
0
1221
830
57
57
1
1260
841
30
30
0
715
851
46
46
0
1088
862
30
30
0
960
895
30
30
1
1178
891
30
30
0
1238
906
30
30
0
841
955
30
30
0
694
972
30
30
0
178
1062
30
30
0
1500
1170
30
30
