37
0
518
0
36
36
0
707
0
30
30
0
647
9
31
31
0
644
28
36
36
0
0
273
30
30
1
1424
335
30
30
0
948
345
33
33
1
1072
362
39
39
1
1293
368
30
30
1
1138
382
30
30
0
838
382
41
41
0
471
409
30
30
0
1345
423
30
30
0
174
446
39
39
0
1350
445
36
36
0
989
445
33
33
1
1224
538
30
30
1
1102
554
30
30
1
950
574
30
30
1
1303
589
31
31
0
1537
605
31
31
0
981
620
30
30
0
968
682
30
30
0
1458
744
30
30
0
1205
761
30
30
1
1237
765
31
31
1
1091
783
46
46
1
938
812
41
41
0
712
850
54
54
0
956
893
30
30
1
1178
896
30
30
0
1233
908
30
30
1
836
928
41
41
1
905
946
30
30
0
141
950
30
30
0
842
956
30
30
0
946
1050
30
30
