42
0
520
0
39
39
0
707
0
30
30
0
645
9
31
31
0
575
36
31
31
1
1420
332
36
36
0
953
342
30
30
1
1076
363
39
39
1
1294
365
30
30
1
1137
382
30
30
0
839
387
31
31
0
1492
386
30
30
0
794
398
30
30
0
1373
395
30
30
0
470
409
30
30
0
167
441
44
44
0
989
445
31
31
0
73
456
33
33
0
117
459
46
46
1
1220
529
36
36
1
1102
553
30
30
1
949
574
30
30
1
1298
586
36
36
0
1541
606
31
31
0
1056
610
30
30
1
930
640
30
30
0
1065
666
30
30
0
1016
686
30
30
0
1119
711
31
31
0
1461
743
31
31
1
1237
767
33
33
0
1003
768
33
33
1
1092
787
36
36
0
1433
788
46
46
1
938
815
41
41
0
716
851
49
49
0
1349
847
46
46
0
1109
864
30
30
1
839
923
30
30
0
840
955
30
30
0
729
964
30
30
0
667
979
30
30
0
838
996
30
30
