51
0
558
2
41
41
0
1182
288
30
30
0
1042
316
30
30
1
981
332
31
31
0
1359
330
33
33
0
1031
342
30
30
1
587
358
44
44
1
835
364
30
30
1
667
380
31
31
0
344
383
30
30
0
253
389
31
31
0
1049
386
30
30
0
471
388
30
30
0
1061
388
30
30
0
300
393
30
30
0
184
404
30
30
1
937
426
30
30
0
1372
430
30
30
0
1270
432
30
30
0
509
444
30
30
0
1487
521
30
30
1
807
538
30
30
0
1368
531
30
30
1
666
551
30
30
0
1406
562
54
54
1
718
564
30
30
1
504
569
30
30
1
566
578
30
30
0
1563
582
33
33
0
1166
602
57
57
0
632
608
30
30
0
697
653
30
30
0
1331
689
30
30
0
1344
694
52
52
0
621
713
30
30
0
1552
720
30
30
0
1120
743
36
36
1
868
761
39
39
1
873
766
30
30
1
707
785
46
46
0
1376
787
30
30
1
554
810
39
39
0
714
818
30
30
1
921
841
30
30
0
1023
849
30
30
0
730
861
30
30
0
569
889
30
30
1
838
889
30
30
0
1570
931
30
30
0
330
967
30
30
0
1135
978
41
41
