45
0
224
0
36
36
0
576
35
30
30
1
1425
334
33
33
0
954
344
30
30
1
1072
364
39
39
1
1292
367
30
30
1
1139
381
30
30
0
839
387
31
31
0
1494
386
30
30
0
755
394
31
31
0
795
397
30
30
0
470
409
30
30
0
129
437
31
31
0
174
447
36
36
0
989
446
31
31
0
73
457
33
33
0
1361
453
30
30
0
0
505
30
30
1
1227
538
30
30
0
1570
553
30
30
1
1101
555
30
30
1
950
574
30
30
0
1059
602
44
44
0
1499
616
30
30
0
984
624
30
30
0
1061
627
33
33
0
986
631
41
41
0
1036
671
44
44
0
1021
719
46
46
0
1493
722
30
30
1
1237
766
33
33
0
1385
778
30
30
0
1404
778
30
30
1
1092
789
39
39
0
1387
809
31
31
1
940
814
41
41
0
1351
851
30
30
0
1109
864
30
30
1
1061
868
36
36
0
939
887
30
30
1
1178
891
30
30
1
841
928
33
33
0
727
968
30
30
0
65
1065
30
30
0
175
1066
30
30
