68
0
563
5
44
44
0
544
19
30
30
0
500
32
30
30
0
1366
29
30
30
0
1183
288
30
30
1
980
333
31
31
0
1032
342
30
30
1
590
361
41
41
1
838
364
30
30
1
665
380
30
30
0
343
383
33
33
0
255
391
31
31
0
1062
387
30
30
0
588
394
30
30
0
1512
396
30
30
0
184
404
30
30
1
945
421
30
30
0
1363
424
44
44
0
1371
430
30
30
0
1418
447
30
30
0
1450
452
30
30
0
159
459
30
30
1
804
539
31
31
1
667
551
30
30
0
1410
565
39
39
1
721
564
30
30
0
1296
584
39
39
0
1205
591
30
30
0
629
606
30
30
0
1310
617
30
30
0
1144
645
30
30
0
812
668
57
57
0
1349
705
30
30
0
1261
710
30
30
0
1164
718
30
30
0
544
726
30
30
1
494
741
31
31
0
1355
742
30
30
0
1125
744
30
30
0
607
752
41
41
1
872
757
41
41
0
459
785
30
30
1
716
786
39
39
0
1375
788
30
30
0
855
799
46
46
1
551
807
46
46
0
709
814
41
41
0
920
818
30
30
0
859
826
57
57
1
917
842
30
30
0
1015
846
52
52
0
701
853
65
65
0
905
852
30
30
0
567
888
30
30
1
840
891
30
30
0
570
894
52
52
0
905
906
30
30
1
467
909
44
44
1
549
939
31
31
0
1349
946
30
30
0
364
958
30
30
0
323
956
49
49
0
456
961
30
30
0
299
969
30
30
0
330
967
30
30
0
1133
977
46
46
0
483
990
31
31
0
1556
1073
44
44
