35
0
707
0
30
30
0
807
0
33
33
0
646
9
30
30
0
1352
323
57
57
1
1424
333
36
36
0
1570
352
30
30
1
1070
364
39
39
0
839
386
30
30
0
1050
381
30
30
1
1137
383
30
30
0
1366
395
30
30
0
470
409
30
30
0
989
446
31
31
0
72
453
39
39
0
440
452
30
30
1
1227
537
30
30
1
1101
554
30
30
1
950
574
30
30
1
1301
588
33
33
0
997
679
31
31
0
968
679
30
30
0
1016
687
30
30
0
1070
727
31
31
1
1237
767
31
31
0
999
769
31
31
0
1447
771
30
30
1
1085
786
44
44
1
938
815
39
39
1
1260
841
30
30
0
713
850
46
46
0
1109
864
30
30
0
841
956
30
30
0
729
965
30
30
0
666
978
30
30
0
285
1124
30
30
