39
0
708
0
30
30
0
695
61
30
30
0
1283
256
30
30
0
1062
268
30
30
0
0
273
30
30
0
242
328
30
30
0
953
342
30
30
1
1072
365
36
36
1
1292
367
30
30
1
1137
383
30
30
0
470
409
30
30
0
72
455
39
39
0
1283
483
62
62
1
1225
537
30
30
1
1102
552
30
30
1
951
573
30
30
1
1300
587
36
36
0
1539
605
31
31
0
1057
614
44
44
0
1011
622
30
30
0
967
680
30
30
0
954
730
30
30
0
956
740
36
36
0
1456
742
36
36
1
1237
768
31
31
1
1070
781
59
59
1
940
816
39
39
0
1353
848
30
30
0
1107
865
30
30
1
1058
872
36
36
0
14
882
30
30
1
1178
891
30
30
1
841
929
33
33
0
841
956
30
30
0
1569
985
31
31
0
932
1025
30
30
0
890
1056
36
36
0
899
1091
49
49
0
1518
1154
30
30
