50
0
711
0
33
33
0
94
0
30
30
0
572
12
54
54
0
651
10
31
31
0
1424
42
39
39
0
1309
332
46
46
1
1076
340
36
36
1
688
367
39
39
1
934
369
36
36
0
443
383
31
31
1
761
384
31
31
0
1146
392
36
36
0
277
400
30
30
0
1304
430
30
30
0
1361
439
33
33
0
1312
470
39
39
1
897
542
30
30
1
759
556
30
30
1
596
571
30
30
1
733
576
30
30
1
655
585
30
30
0
1518
583
30
30
0
1509
591
30
30
1
993
597
30
30
0
1461
599
30
30
0
0
616
52
52
1
589
638
30
30
0
950
666
30
30
0
642
675
30
30
1
585
691
31
31
0
1452
713
36
36
0
708
713
36
36
0
1437
727
31
31
1
580
741
33
33
0
1212
740
52
52
0
1465
765
44
44
1
959
772
33
33
1
803
794
33
33
0
1538
803
62
62
0
1456
806
39
39
1
621
797
62
62
0
951
820
30
30
0
1104
855
39
39
1
921
899
30
30
0
985
916
30
30
1
553
918
30
30
0
1044
957
30
30
0
1213
996
39
39
0
1253
1156
44
44
0
1437
1156
44
44
