51
0
710
0
39
39
0
907
0
39
39
0
1554
0
46
46
0
825
23
44
44
0
1515
364
49
49
1
1274
369
36
36
1
879
383
44
44
1
1130
394
36
36
0
601
401
30
30
0
636
398
30
30
0
548
402
30
30
1
954
406
30
30
0
460
409
30
30
0
1346
426
30
30
1
1083
568
30
30
1
945
578
30
30
1
780
591
30
30
1
993
594
30
30
1
918
599
30
30
1
838
606
30
30
1
1176
619
41
41
0
172
623
39
39
0
1443
629
33
33
0
1487
641
30
30
0
1462
653
36
36
1
771
655
30
30
0
1440
673
30
30
0
1132
696
30
30
1
766
709
30
30
1
758
761
30
30
0
1543
772
30
30
1
1135
803
33
33
0
1374
810
30
30
1
979
820
33
33
1
810
830
41
41
0
136
841
30
30
1
1177
883
31
31
0
814
886
30
30
0
1284
898
39
39
0
1273
900
30
30
1
723
935
31
31
1
796
965
30
30
0
550
975
30
30
0
583
974
30
30
0
91
1010
46
46
0
132
1015
30
30
0
62
1021
30
30
0
101
1021
30
30
0
1375
1038
49
49
0
1288
1126
30
30
0
1332
1137
30
30
