49
0
567
7
31
31
0
486
13
54
54
0
1184
289
30
30
1
979
332
33
33
1
590
358
41
41
1
834
364
30
30
1
665
376
30
30
0
254
389
31
31
0
1510
395
30
30
0
301
393
30
30
0
184
404
30
30
1
939
428
30
30
0
1371
431
30
30
0
1372
496
30
30
0
1199
521
30
30
1
805
534
30
30
1
667
548
30
30
1
507
568
31
31
0
1290
577
52
52
0
1560
582
39
39
0
1442
592
30
30
0
1090
598
30
30
0
629
604
30
30
0
1247
612
30
30
0
1570
621
30
30
0
698
653
30
30
0
554
683
36
36
1
496
689
30
30
0
1143
699
30
30
0
1348
706
30
30
0
1569
713
31
31
0
1113
717
31
31
0
1124
738
36
36
0
1354
745
30
30
1
870
763
36
36
0
1374
784
36
36
1
720
790
30
30
1
554
809
39
39
0
709
822
30
30
1
918
843
30
30
0
1023
848
30
30
0
732
861
30
30
1
838
890
30
30
1
470
917
30
30
1
473
931
30
30
0
363
958
30
30
0
455
962
30
30
0
330
966
30
30
0
299
970
30
30
