50
0
732
0
39
39
0
499
32
30
30
0
1528
45
30
30
0
1182
291
30
30
0
1214
318
36
36
1
979
333
33
33
1
590
361
39
39
1
835
364
30
30
0
1551
376
36
36
0
343
383
31
31
1
664
377
30
30
0
254
390
30
30
0
1048
387
30
30
0
1059
387
30
30
0
299
393
30
30
0
184
404
30
30
0
1274
405
30
30
0
1370
430
30
30
0
1412
470
30
30
1
806
534
30
30
0
1181
535
30
30
1
665
545
30
30
0
1414
567
41
41
0
1184
564
30
30
1
504
567
30
30
1
639
572
30
30
1
898
582
39
39
0
1287
579
49
49
0
1208
588
30
30
0
1150
617
30
30
1
500
635
30
30
0
1365
670
30
30
0
1125
691
30
30
0
1350
704
30
30
0
620
713
30
30
1
494
740
30
30
0
1124
743
30
30
1
869
758
44
44
1
716
786
39
39
0
1370
784
36
36
1
552
809
41
41
1
920
842
30
30
0
567
888
30
30
1
842
890
30
30
0
692
893
30
30
0
904
908
30
30
1
468
910
52
52
0
363
958
30
30
0
329
966
31
31
0
298
970
30
30
