47
0
521
0
33
33
0
707
0
30
30
0
646
9
30
30
0
505
87
31
31
1
1427
337
33
33
0
953
343
30
30
1
1072
363
36
36
1
1293
367
30
30
0
841
386
31
31
1
1137
383
30
30
0
1470
380
52
52
0
1421
406
30
30
0
470
409
30
30
0
470
409
30
30
0
128
438
30
30
0
174
444
39
39
0
989
446
31
31
0
1352
449
36
36
0
73
456
33
33
0
1286
485
57
57
1
1227
535
30
30
1
1102
555
30
30
1
950
575
30
30
1
1298
582
41
41
0
1538
606
30
30
0
1055
608
30
30
0
1013
625
30
30
0
1067
667
31
31
0
1016
686
30
30
0
1460
742
30
30
1
902
745
30
30
1
1234
763
36
36
1
1095
791
33
33
0
1448
792
36
36
1
940
816
36
36
0
1247
835
30
30
0
1110
865
30
30
0
13
883
30
30
1
1178
891
30
30
0
1239
907
30
30
1
904
945
30
30
0
841
956
30
30
0
729
967
30
30
0
1023
980
30
30
0
1113
993
30
30
0
205
1053
44
44
0
175
1064
30
30
