53
0
520
0
41
41
0
708
0
30
30
0
646
9
30
30
0
652
32
30
30
0
635
77
31
31
0
505
87
31
31
0
531
86
30
30
0
0
273
30
30
1
1426
335
30
30
1
1075
366
33
33
1
1294
367
30
30
1
1137
382
30
30
0
840
385
30
30
0
469
409
30
30
0
128
437
30
30
0
173
441
44
44
0
1350
442
30
30
0
989
446
31
31
0
73
457
33
33
0
1283
480
62
62
1
1228
536
30
30
1
1100
551
31
31
1
953
574
31
31
0
1570
584
30
30
0
1533
598
44
44
0
1055
608
30
30
1
934
640
30
30
0
1106
658
30
30
0
968
680
30
30
0
1086
711
41
41
0
1021
714
30
30
0
954
729
30
30
0
1461
742
33
33
0
956
740
36
36
1
1237
765
33
33
0
1017
764
30
30
1
1087
786
44
44
0
1394
812
41
41
1
938
814
41
41
0
1248
835
30
30
0
717
851
44
44
0
1352
850
30
30
0
1083
861
46
46
0
1087
861
30
30
0
14
882
30
30
1
1180
891
30
30
0
1233
908
30
30
1
842
922
30
30
1
836
937
30
30
0
841
955
30
30
0
695
973
30
30
0
833
1012
31
31
0
210
1056
39
39
