74
0
680
209
30
30
0
749
224
31
31
0
1541
232
59
59
0
851
238
30
30
0
911
251
30
30
0
726
268
36
36
0
774
268
30
30
0
312
310
30
30
0
553
402
36
36
0
1166
399
41
41
0
1177
431
33
33
0
509
438
46
46
0
491
504
30
30
0
0
522
31
31
0
772
530
36
36
0
1474
532
39
39
0
331
566
30
30
0
1506
568
30
30
0
1210
582
41
41
0
1215
579
30
30
0
1216
611
30
30
1
912
646
30
30
0
1230
664
30
30
1
1120
681
30
30
0
1287
689
33
33
0
1317
692
52
52
0
992
689
41
41
1
835
756
30
30
1
923
759
30
30
1
995
760
30
30
1
953
772
30
30
1
1059
812
30
30
0
1161
827
46
46
0
749
829
30
30
0
939
838
44
44
0
899
838
44
44
0
864
844
30
30
0
1570
868
30
30
0
1418
869
30
30
0
853
879
49
49
0
1333
877
30
30
0
618
881
30
30
0
897
879
46
46
0
1463
880
30
30
1
1058
890
30
30
1
866
959
30
30
1
968
963
30
30
1
1064
968
30
30
0
442
972
30
30
0
732
978
52
52
0
853
997
46
46
0
953
993
46
46
0
1046
1000
52
52
0
1319
1007
44
44
0
1360
1006
39
39
0
721
1024
30
30
0
1448
1037
36
36
1
963
1043
30
30
0
1138
1047
30
30
1
814
1046
30
30
0
1132
1051
67
67
1
1112
1058
30
30
0
1222
1070
30
30
0
863
1090
30
30
0
383
1094
31
31
0
1252
1122
30
30
0
1548
1118
52
52
0
501
1133
31
31
0
1000
1146
30
30
0
1202
1150
30
30
0
1057
1151
49
49
0
1484
1169
31
31
0
1130
1170
30
30
0
1234
1164
36
36
