91
0
99
150
30
30
0
583
205
30
30
0
875
205
30
30
0
875
218
30
30
0
537
231
46
46
0
1232
260
30
30
0
448
266
36
36
0
688
290
41
41
0
374
341
39
39
0
581
345
33
33
0
377
345
30
30
0
269
388
30
30
0
506
401
30
30
0
584
422
30
30
0
671
430
30
30
0
1141
432
31
31
0
973
430
46
46
0
421
436
30
30
0
556
436
30
30
0
750
456
41
41
0
1561
462
39
39
0
348
477
30
30
0
1121
551
30
30
0
1182
586
30
30
0
1136
588
30
30
0
145
655
31
31
0
527
662
30
30
0
908
686
30
30
0
966
691
30
30
0
114
695
30
30
0
839
716
30
30
0
810
732
30
30
0
950
738
30
30
0
462
736
30
30
0
523
760
30
30
0
998
771
30
30
0
1154
792
30
30
1
643
802
30
30
0
1256
806
59
59
1
817
805
30
30
1
673
812
30
30
1
750
814
30
30
0
859
817
31
31
0
972
818
30
30
0
929
827
30
30
1
861
843
30
30
0
1494
849
49
49
0
889
847
31
31
0
1001
852
30
30
0
1082
850
41
41
1
808
856
30
30
0
351
857
33
33
0
780
872
30
30
0
1422
897
30
30
0
561
911
33
33
1
604
912
30
30
1
748
916
30
30
0
1521
920
30
30
0
410
939
44
44
0
940
945
36
36
0
1087
945
44
44
0
701
953
44
44
0
498
958
36
36
0
628
955
39
39
1
602
955
30
30
0
928
965
31
31
1
806
962
30
30
0
1025
974
36
36
0
410
988
30
30
0
1243
1007
33
33
0
453
1004
30
30
0
1288
1006
39
39
0
433
1013
33
33
0
937
1015
30
30
0
1195
1017
30
30
0
1320
1031
41
41
0
977
1044
30
30
0
1266
1058
39
39
0
443
1073
31
31
1
630
1094
39
39
1
723
1099
30
30
1
634
1098
30
30
1
812
1102
30
30
0
461
1141
59
59
0
550
1156
44
44
0
1236
1148
52
52
0
1283
1169
31
31
1
586
1170
30
30
1
721
1170
30
30
0
1155
1167
33
33
0
1436
1170
30
30
