57
0
703
49
30
30
0
30
109
30
30
0
863
156
30
30
0
618
267
30
30
1
1200
378
36
36
1
1528
378
36
36
1
1403
396
30
30
1
1260
399
30
30
0
211
406
30
30
0
1474
446
41
41
1
1518
464
30
30
0
1454
535
57
57
0
715
547
30
30
0
414
560
36
36
1
1282
582
30
30
1
1140
584
30
30
1
1408
583
30
30
0
924
594
41
41
0
1235
655
30
30
0
1285
654
30
30
0
1304
653
30
30
0
1468
696
36
36
0
1214
721
30
30
0
1305
721
30
30
0
1357
722
30
30
0
1241
779
62
62
1
1520
793
30
30
0
1262
796
30
30
0
674
813
44
44
0
701
813
44
44
0
714
831
30
30
0
569
857
49
49
0
1155
892
31
31
0
841
895
46
46
1
1200
910
39
39
1
1366
911
39
39
1
1538
916
36
36
0
1063
919
44
44
0
474
949
33
33
0
678
954
30
30
0
1194
960
54
54
0
871
963
30
30
0
460
966
36
36
0
867
977
31
31
0
331
993
31
31
0
1197
1001
30
30
0
1382
1000
30
30
0
376
1004
30
30
1
1359
1040
49
49
1
1123
1053
31
31
0
1026
1054
30
30
0
658
1051
57
57
0
484
1110
30
30
1
1539
1135
31
31
0
1356
1161
39
39
0
1417
1170
30
30
0
1432
1170
30
30
