39
0
0
106
49
49
0
59
118
39
39
1
186
133
33
33
1
104
134
30
30
1
0
217
30
30
1
0
218
30
30
1
93
311
30
30
0
1247
326
30
30
0
1184
386
36
36
1
83
430
36
36
0
68
457
59
59
0
1475
499
49
49
1
88
543
44
44
0
352
544
30
30
0
407
552
52
52
0
1484
560
41
41
1
80
744
36
36
0
64
798
36
36
0
676
792
30
30
0
683
814
31
31
0
716
833
30
30
0
0
850
30
30
0
726
872
36
36
0
773
872
30
30
0
531
882
30
30
0
937
907
31
31
0
592
926
30
30
0
475
951
31
31
0
871
976
30
30
0
643
1007
33
33
0
550
1009
31
31
0
1181
1032
31
31
0
1050
1041
36
36
0
437
1084
30
30
0
395
1127
30
30
0
1494
1130
30
30
0
299
1150
41
41
0
426
1167
33
33
0
1164
1170
30
30
