39
0
84
30
30
30
0
1418
54
30
30
0
324
68
30
30
0
1243
152
30
30
0
65
195
30
30
1
511
240
30
30
1
558
257
30
30
1
749
322
30
30
0
707
373
46
46
0
1546
406
54
54
1
468
408
30
30
1
677
410
30
30
1
760
476
30
30
1
768
581
30
30
0
655
591
30
30
0
761
609
46
46
1
793
682
30
30
1
667
685
30
30
1
530
688
41
41
0
64
689
30
30
1
538
692
30
30
0
866
710
41
41
1
674
795
30
30
0
691
827
30
30
0
1223
859
30
30
0
774
893
30
30
0
714
921
52
52
0
372
939
41
41
0
313
959
33
33
0
374
969
30
30
0
801
974
30
30
0
1133
1024
46
46
0
312
1033
33
33
0
1141
1031
31
31
0
1570
1057
30
30
0
568
1106
30
30
0
624
1107
30
30
0
1088
1164
36
36
0
188
1170
30
30
