63
0
762
0
30
30
0
807
0
30
30
0
1570
59
30
30
0
378
126
30
30
0
1384
172
30
30
0
489
231
30
30
0
446
254
30
30
0
92
291
30
30
0
1339
319
30
30
0
1378
333
30
30
0
981
473
49
49
0
396
494
41
41
0
185
491
30
30
0
113
512
30
30
0
751
523
30
30
0
1505
529
30
30
0
671
546
31
31
1
913
554
30
30
1
960
566
30
30
1
1276
581
33
33
0
831
586
41
41
0
2
601
30
30
0
282
653
30
30
0
1070
657
30
30
0
350
685
30
30
0
828
693
30
30
1
1084
722
36
36
0
217
728
30
30
1
977
733
30
30
1
1019
752
30
30
0
874
759
30
30
1
1186
798
36
36
0
582
812
30
30
1
860
809
30
30
0
617
810
44
44
0
451
870
30
30
0
1017
870
30
30
0
509
915
30
30
0
894
926
30
30
1
1191
932
33
33
0
372
941
39
39
0
575
944
39
39
0
1183
964
49
49
0
262
986
30
30
0
953
988
30
30
0
928
993
30
30
0
455
1005
31
31
0
306
1001
30
30
0
1570
1022
30
30
0
425
1042
30
30
1
913
1046
30
30
1
1049
1044
44
44
1
1205
1048
46
46
0
1570
1056
30
30
0
652
1070
30
30
0
1405
1107
30
30
0
1458
1139
31
31
0
1487
1127
65
65
0
1478
1146
39
39
0
1546
1146
54
54
0
1395
1149
30
30
0
906
1163
30
30
0
848
1164
36
36
