52
0
322
192
30
30
0
97
216
46
46
1
283
247
30
30
1
25
333
33
33
1
99
329
30
30
0
23
385
33
33
0
994
386
52
52
0
1118
388
36
36
0
1095
402
30
30
1
187
421
31
31
0
25
430
30
30
0
1377
464
30
30
0
23
500
31
31
0
0
507
30
30
0
1419
506
46
46
1
178
539
31
31
0
363
549
46
46
0
1430
555
49
49
0
678
578
30
30
0
1570
615
30
30
1
31
640
33
33
1
176
645
57
57
0
53
697
30
30
0
286
737
30
30
0
162
760
54
54
0
581
805
46
46
0
871
819
30
30
0
409
833
44
44
0
672
864
54
54
0
451
872
30
30
0
535
902
49
49
0
71
926
54
54
0
571
940
44
44
0
904
962
54
54
0
801
972
30
30
0
444
989
49
49
0
154
1011
30
30
0
1138
1029
36
36
0
969
1032
46
46
0
415
1038
30
30
0
550
1040
30
30
0
1570
1057
30
30
0
606
1063
30
30
0
26
1092
52
52
0
277
1118
30
30
0
1454
1127
31
31
0
135
1137
31
31
0
483
1154
46
46
0
298
1165
30
30
0
1351
1170
30
30
0
1093
1170
30
30
0
162
1170
30
30
