66
0
1410
66
30
30
0
1570
94
30
30
0
351
122
30
30
0
742
146
30
30
0
1473
151
30
30
0
540
184
30
30
0
0
198
30
30
1
519
205
31
31
1
517
205
30
30
1
812
216
30
30
1
570
221
36
36
1
699
227
30
30
1
884
276
30
30
0
752
278
30
30
0
748
290
36
36
0
888
361
30
30
0
997
377
49
49
1
453
387
30
30
1
693
395
30
30
1
498
409
30
30
0
605
414
54
54
1
443
456
31
31
0
1085
459
30
30
0
580
467
30
30
1
786
468
36
36
0
568
472
30
30
0
978
469
54
54
0
735
505
30
30
0
536
512
30
30
1
445
519
30
30
0
1199
517
65
65
0
370
552
39
39
0
889
556
41
41
0
497
560
30
30
0
1442
566
30
30
0
471
569
30
30
0
622
567
30
30
0
597
575
30
30
1
440
581
30
30
1
773
589
49
49
0
0
601
36
36
0
1570
619
30
30
0
770
618
57
57
0
531
620
67
67
1
498
692
30
30
1
647
698
31
31
1
796
703
31
31
0
482
794
59
59
1
419
822
31
31
1
644
816
30
30
0
337
834
41
41
0
863
835
33
33
0
1221
857
30
30
1
490
884
30
30
1
788
896
30
30
0
449
997
44
44
0
398
1017
30
30
0
1053
1066
30
30
0
1466
1064
30
30
0
1455
1082
36
36
0
1473
1078
44
44
0
521
1087
30
30
0
1173
1099
31
31
0
691
1138
30
30
0
198
1128
72
72
0
496
1170
30
30
