69
0
1544
113
30
30
1
1370
125
36
36
1
1229
147
31
31
1
1491
188
30
30
0
1357
191
62
62
1
1382
317
30
30
0
583
324
30
30
1
1126
338
30
30
1
1239
353
30
30
1
1498
389
36
36
0
1305
399
33
33
0
387
396
33
33
0
340
403
30
30
0
1097
431
30
30
0
254
437
39
39
0
934
442
30
30
0
1288
458
54
54
0
1308
469
30
30
0
265
488
46
46
1
1501
516
41
41
0
722
545
30
30
0
1
548
31
31
0
578
556
30
30
0
623
563
30
30
0
1488
567
30
30
0
582
576
30
30
0
1251
580
30
30
0
1265
589
30
30
1
1190
646
52
52
1
1344
643
52
52
1
1527
652
31
31
0
562
694
30
30
0
1334
766
30
30
1
1361
779
30
30
0
591
788
30
30
1
1131
790
30
30
0
960
789
30
30
0
1006
792
30
30
0
479
811
31
31
0
701
811
49
49
0
681
815
31
31
0
1345
805
62
62
0
769
826
30
30
0
1124
837
30
30
0
615
843
49
49
1
1207
853
31
31
0
0
858
30
30
1
1520
851
57
57
0
904
879
33
33
0
1570
880
30
30
0
895
883
30
30
0
1225
894
30
30
0
474
946
39
39
0
677
979
30
30
0
553
1009
31
31
0
1426
1011
44
44
0
671
1026
49
49
0
524
1046
30
30
0
658
1052
54
54
0
1530
1063
30
30
0
807
1076
30
30
0
1061
1071
65
65
0
1527
1087
30
30
0
1169
1086
30
30
0
1528
1109
33
33
0
483
1109
30
30
0
1330
1145
36
36
0
1375
1152
30
30
0
997
1167
33
33
