55
0
1111
0
30
30
0
711
108
30
30
0
699
129
30
30
0
175
518
33
33
0
1206
530
41
41
1
226
540
30
30
1
279
559
30
30
0
590
560
30
30
0
1442
567
31
31
0
543
565
46
46
0
103
608
30
30
1
559
614
30
30
0
1570
618
30
30
1
487
632
30
30
1
174
725
30
30
1
301
726
30
30
1
406
727
30
30
1
343
748
30
30
1
222
747
30
30
1
285
749
30
30
0
287
773
30
30
0
285
792
36
36
0
225
796
30
30
1
498
798
30
30
0
332
793
54
54
0
871
805
30
30
0
460
818
30
30
0
1511
818
33
33
0
631
826
30
30
0
230
836
30
30
0
293
835
30
30
0
351
835
30
30
0
1521
841
30
30
0
1223
859
30
30
1
175
864
30
30
0
684
880
30
30
0
295
900
30
30
1
506
911
30
30
0
498
938
52
52
0
800
973
30
30
0
282
970
57
57
0
0
981
30
30
0
873
1006
30
30
1
526
1020
30
30
1
391
1031
30
30
0
972
1035
41
41
1
242
1044
30
30
0
91
1050
36
36
0
418
1081
30
30
0
637
1085
31
31
0
1237
1104
30
30
0
266
1113
30
30
0
540
1125
36
36
0
1086
1159
41
41
0
539
1156
44
44
