82
0
759
0
30
30
0
1237
0
30
30
0
1486
0
30
30
0
921
45
31
31
0
946
45
30
30
0
1074
58
30
30
0
1501
82
30
30
0
341
93
30
30
0
733
104
30
30
0
1196
114
30
30
0
1525
120
30
30
0
708
127
41
41
1
580
139
30
30
1
633
155
30
30
1
945
210
30
30
0
806
224
30
30
1
859
226
31
31
0
826
226
30
30
0
806
292
30
30
1
519
314
31
31
1
644
316
36
36
1
759
324
30
30
1
626
339
30
30
1
690
341
30
30
0
623
384
33
33
0
688
387
30
30
1
858
397
30
30
0
623
447
31
31
0
687
448
31
31
0
377
448
30
30
0
846
500
30
30
0
558
498
30
30
0
484
501
39
39
0
621
511
31
31
0
684
509
30
30
1
856
516
30
30
0
1201
520
62
62
0
369
545
49
49
0
1439
565
33
33
0
1028
580
54
54
0
1023
595
30
30
1
565
620
30
30
1
718
624
30
30
1
872
628
30
30
0
1039
659
30
30
0
713
680
41
41
1
717
747
30
30
1
481
757
30
30
0
62
754
30
30
0
704
771
59
59
0
255
801
46
46
1
561
821
30
30
0
1127
847
31
31
0
431
847
44
44
0
604
864
30
30
0
586
870
36
36
0
637
869
33
33
0
373
915
33
33
0
239
913
31
31
0
128
934
30
30
0
1111
958
30
30
0
1235
958
57
57
0
1081
968
31
31
0
1208
1000
54
54
0
452
1007
33
33
0
1115
1008
36
36
0
972
1035
41
41
0
414
1038
30
30
0
1453
1072
65
65
0
1015
1087
30
30
0
1124
1086
30
30
0
1089
1088
30
30
0
696
1119
41
41
0
292
1117
39
39
0
340
1141
30
30
0
1311
1148
52
52
0
1092
1161
39
39
0
522
1159
41
41
0
127
1170
30
30
0
1248
1170
30
30
0
489
1170
30
30
0
667
1170
30
30
