60
0
1503
45
31
31
0
7
89
30
30
1
1364
146
30
30
1
1188
154
30
30
1
1239
168
30
30
0
1423
171
30
30
0
1420
248
54
54
1
1379
299
33
33
1
1261
315
30
30
1
1309
330
30
30
1
1140
331
30
30
1
1246
338
30
30
0
1163
395
30
30
0
798
408
30
30
0
1312
434
30
30
0
1227
446
30
30
0
1165
454
30
30
0
614
500
30
30
0
1188
506
30
30
1
1144
513
30
30
0
177
538
36
36
0
1246
540
54
54
0
420
560
36
36
1
1511
581
46
46
1
1360
601
30
30
1
1208
613
30
30
0
141
616
30
30
0
143
628
44
44
0
724
637
30
30
0
76
646
57
57
0
601
639
44
44
0
1547
700
30
30
0
1509
709
30
30
0
1337
712
30
30
1
1365
723
30
30
1
1140
746
30
30
0
246
772
30
30
1
1532
795
30
30
0
748
829
30
30
0
828
832
54
54
0
935
837
30
30
0
1552
839
36
36
0
615
846
46
46
0
848
896
30
30
0
657
925
67
67
0
968
924
30
30
0
476
950
30
30
0
1034
949
30
30
0
678
982
30
30
0
0
1010
30
30
0
983
1031
49
49
0
524
1046
30
30
0
728
1086
30
30
0
680
1102
30
30
0
1424
1097
59
59
0
760
1139
31
31
0
116
1141
59
59
0
919
1149
30
30
0
1418
1158
30
30
0
1570
1170
30
30
