45
1
931
44
30
30
0
1112
53
44
44
0
1047
67
30
30
1
1094
74
30
30
0
977
162
30
30
0
1019
169
30
30
0
801
189
44
44
0
1076
246
30
30
0
833
254
30
30
0
613
271
30
30
0
1162
274
30
30
1
993
313
33
33
1
1079
320
44
44
1
1179
337
30
30
1
1099
428
30
30
0
1185
430
31
31
0
1239
489
30
30
0
1570
522
30
30
0
419
561
33
33
0
796
602
36
36
0
1330
641
54
54
0
671
670
30
30
0
1298
671
30
30
0
1570
701
30
30
0
708
717
31
31
0
1406
734
30
30
0
549
790
31
31
0
733
843
46
46
0
0
850
30
30
0
1424
860
30
30
0
1387
875
30
30
0
476
951
31
31
0
364
947
59
59
0
1404
984
30
30
0
328
991
46
46
0
0
1009
30
30
0
239
1059
30
30
0
543
1059
30
30
0
1175
1069
46
46
0
1508
1079
65
65
0
512
1086
30
30
0
485
1110
30
30
0
1102
1145
39
39
0
781
1135
65
65
0
556
1170
30
30
