104
0
709
0
30
30
0
58
158
30
30
0
735
164
30
30
0
1547
224
30
30
0
503
235
49
49
0
0
260
30
30
0
906
279
36
36
0
578
286
30
30
1
751
304
30
30
1
751
305
30
30
1
863
310
30
30
0
476
348
30
30
0
1469
359
30
30
0
915
398
30
30
0
0
419
49
49
0
1179
432
31
31
0
462
433
30
30
0
443
482
30
30
1
870
517
30
30
0
0
521
33
33
1
773
526
36
36
1
653
536
30
30
1
814
550
30
30
1
758
553
33
33
0
543
559
31
31
1
702
561
30
30
0
1214
587
31
31
0
823
582
30
30
0
576
587
30
30
1
949
597
30
30
0
706
596
30
30
0
804
602
30
30
1
655
633
33
33
0
1088
654
30
30
0
221
661
31
31
0
823
662
30
30
0
503
673
30
30
0
808
677
30
30
0
572
682
57
57
0
1206
687
30
30
0
753
689
30
30
0
1287
690
31
31
0
362
691
36
36
1
659
717
33
33
0
486
721
30
30
1
953
735
31
31
0
542
742
36
36
0
1124
745
41
41
0
812
759
30
30
0
945
769
44
44
1
663
803
33
33
0
1485
801
30
30
0
1076
834
30
30
0
1173
847
30
30
1
967
857
31
31
0
400
876
39
39
0
1332
877
30
30
1
854
891
33
33
1
715
921
49
49
1
727
931
30
30
0
1452
930
30
30
0
1049
940
44
44
0
212
951
31
31
0
1161
959
30
30
0
1069
960
30
30
0
910
966
30
30
0
964
975
36
36
1
1015
981
33
33
0
224
980
30
30
0
1569
998
31
31
0
738
1004
39
39
0
325
1010
57
57
0
757
1009
30
30
0
1330
1009
41
41
0
672
1015
30
30
1
850
1016
57
57
0
1259
1019
49
49
0
1163
1016
30
30
0
1538
1037
30
30
0
390
1042
30
30
0
1174
1047
30
30
0
350
1050
30
30
0
1335
1062
36
36
0
853
1063
44
44
1
969
1067
30
30
0
1118
1065
30
30
0
214
1067
30
30
0
1147
1074
39
39
0
1291
1099
49
49
0
1201
1101
30
30
0
1198
1108
52
52
1
654
1117
44
44
0
1559
1132
41
41
0
599
1129
30
30
0
1183
1138
31
31
0
1153
1136
33
33
0
559
1138
30
30
0
1435
1152
30
30
0
1303
1162
30
30
0
855
1156
44
44
0
1057
1156
44
44
0
667
1170
30
30
0
184
1170
30
30
0
1389
1170
30
30
