68
0
351
103
30
30
0
145
114
30
30
0
440
131
30
30
0
1475
148
30
30
1
106
366
30
30
1
246
387
30
30
0
410
397
54
54
0
230
447
52
52
0
295
453
30
30
1
424
456
36
36
1
339
464
36
36
1
344
468
30
30
0
183
521
30
30
0
280
528
59
59
1
115
557
30
30
1
239
569
30
30
1
20
571
30
30
1
91
580
30
30
1
162
583
31
31
0
679
578
30
30
0
97
608
30
30
0
112
615
30
30
0
1570
615
30
30
0
68
620
30
30
0
141
626
30
30
0
0
684
30
30
0
174
690
30
30
0
149
689
31
31
0
64
693
30
30
0
138
699
30
30
0
63
763
30
30
0
783
778
30
30
0
871
805
30
30
0
320
807
54
54
0
658
838
54
54
0
779
856
30
30
0
592
861
39
39
0
648
870
30
30
0
717
865
46
46
0
699
881
30
30
1
7
904
44
44
0
690
952
36
36
0
635
969
62
62
0
204
972
30
30
0
1042
974
30
30
0
714
978
39
39
0
801
974
30
30
0
33
995
30
30
0
443
1005
46
46
0
794
1011
30
30
0
969
1033
44
44
1
412
1042
30
30
0
550
1040
30
30
0
453
1055
46
46
0
1570
1058
30
30
0
606
1063
30
30
0
616
1076
36
36
0
629
1092
41
41
0
424
1092
30
30
0
458
1095
46
46
0
566
1091
30
30
0
1189
1105
62
62
1
337
1115
33
33
0
800
1141
30
30
0
1083
1164
36
36
0
1092
1167
33
33
0
0
1170
30
30
0
803
1170
30
30
