42
0
137
0
30
30
0
1445
37
30
30
0
7
89
30
30
1
556
230
30
30
0
648
301
52
52
1
798
317
30
30
0
91
330
30
30
1
453
368
30
30
0
1063
364
49
49
1
562
384
30
30
1
655
399
30
30
1
598
407
30
30
0
932
445
30
30
0
272
468
30
30
1
728
473
30
30
0
472
480
30
30
0
595
507
31
31
0
1446
539
30
30
0
1478
552
52
52
0
593
564
31
31
0
527
600
49
49
1
482
654
39
39
1
487
657
30
30
1
612
661
41
41
0
475
756
46
46
1
607
774
41
41
0
724
772
41
41
0
575
783
30
30
0
174
792
30
30
1
785
797
30
30
0
1554
832
39
39
0
0
851
30
30
0
1259
858
30
30
0
57
1000
30
30
0
277
1012
30
30
0
611
1017
33
33
0
1181
1034
31
31
0
646
1086
59
59
0
1497
1133
46
46
0
1020
1137
30
30
0
1570
1153
30
30
0
1163
1167
33
33
