42
0
86
27
30
30
0
1570
66
30
30
1
374
138
30
30
1
417
164
30
30
0
1389
172
30
30
0
556
264
30
30
0
447
262
46
46
1
329
325
31
31
1
434
340
30
30
0
1455
339
30
30
1
519
351
30
30
1
419
360
30
30
1
467
366
30
30
0
1091
365
30
30
0
1037
378
49
49
0
423
410
30
30
0
472
414
30
30
1
587
429
30
30
0
1089
459
33
33
0
471
474
36
36
0
1417
508
46
46
1
588
541
31
31
0
1438
562
36
36
0
1564
606
36
36
1
597
644
36
36
1
372
651
41
41
1
496
650
30
30
1
600
647
30
30
1
380
655
30
30
0
166
763
30
30
0
372
774
30
30
0
1506
820
39
39
0
1224
855
30
30
0
780
857
30
30
0
500
884
30
30
0
172
926
30
30
0
798
968
36
36
0
1141
1031
31
31
0
533
1093
30
30
0
1561
1115
30
30
0
1456
1128
52
52
0
637
1151
30
30
