52
0
538
0
30
30
0
750
0
30
30
0
1087
0
30
30
0
1159
0
30
30
0
1231
326
30
30
1
485
370
30
30
1
610
391
30
30
0
756
399
54
54
0
599
454
49
49
1
775
461
30
30
1
700
473
30
30
0
1250
531
36
36
0
653
535
44
44
1
361
546
33
33
0
1484
560
39
39
0
523
561
30
30
1
498
562
30
30
1
610
574
30
30
1
413
578
30
30
1
481
585
31
31
1
542
591
31
31
0
479
613
30
30
0
393
622
30
30
1
354
628
36
36
0
459
631
30
30
1
694
656
39
39
0
460
703
30
30
0
522
707
30
30
0
861
714
30
30
0
456
775
30
30
0
1557
840
31
31
0
929
872
33
33
1
703
904
44
44
1
413
916
36
36
0
990
923
30
30
0
1069
935
31
31
0
164
937
30
30
0
799
950
57
57
0
218
952
30
30
0
1022
957
31
31
0
973
973
65
65
0
604
980
30
30
0
452
1004
30
30
0
700
1024
52
52
1
763
1051
49
49
0
558
1094
36
36
0
585
1094
30
30
0
788
1099
30
30
1
704
1122
36
36
0
158
1146
39
39
0
413
1156
31
31
0
1066
1159
41
41
