55
0
427
109
30
30
0
856
186
30
30
0
576
206
41
41
0
617
206
44
44
0
1551
236
30
30
0
1230
260
30
30
0
355
343
31
31
0
376
342
39
39
0
566
340
59
59
0
809
367
31
31
0
854
369
30
30
0
269
389
31
31
0
1141
433
31
31
0
130
469
30
30
0
395
501
30
30
0
1131
582
41
41
0
1137
579
30
30
0
557
601
30
30
0
594
598
30
30
0
542
609
30
30
0
989
619
30
30
0
1489
649
33
33
0
1008
652
30
30
0
992
660
30
30
0
964
726
30
30
1
518
762
36
36
1
893
774
31
31
0
499
776
30
30
1
753
793
31
31
1
984
845
41
41
0
1438
867
30
30
1
877
875
30
30
0
1341
874
33
33
0
1377
880
30
30
0
1404
883
30
30
0
1278
904
30
30
0
488
935
30
30
0
1057
962
30
30
0
1082
969
30
30
0
1387
980
30
30
1
603
1002
36
36
1
748
1005
36
36
0
1276
1001
52
52
1
663
1034
30
30
1
579
1034
30
30
1
433
1096
30
30
0
1530
1124
39
39
0
1551
1151
49
49
0
1239
1156
30
30
0
806
1157
30
30
0
465
1167
30
30
0
522
1170
30
30
0
547
1170
30
30
0
432
1170
30
30
0
655
1167
33
33
