49
0
676
0
30
30
0
743
0
30
30
0
1373
28
30
30
0
237
71
30
30
0
7
87
31
31
0
712
133
33
33
1
833
177
30
30
0
449
194
30
30
1
938
202
30
30
0
1570
210
30
30
0
1545
325
30
30
1
843
355
30
30
0
1570
357
30
30
1
933
370
30
30
1
826
373
30
30
0
128
396
30
30
0
815
404
44
44
0
884
437
39
39
0
549
457
30
30
0
1344
495
30
30
0
1482
555
46
46
1
1006
572
30
30
0
865
580
30
30
0
1002
604
41
41
0
1284
634
30
30
0
1570
639
30
30
1
772
672
36
36
1
1011
678
41
41
1
901
680
30
30
0
506
766
36
36
0
535
793
30
30
1
892
800
41
41
1
702
818
30
30
0
502
830
30
30
0
0
850
30
30
0
691
870
52
52
0
435
922
30
30
0
877
934
41
41
0
563
1000
30
30
0
105
1011
30
30
0
626
1012
30
30
0
366
1040
30
30
0
1027
1048
30
30
0
291
1061
30
30
0
899
1076
30
30
0
388
1124
39
39
0
86
1164
36
36
0
276
1161
39
39
0
1570
1170
30
30
