67
0
645
0
30
30
0
940
0
30
30
0
1329
0
33
33
0
1538
0
36
36
0
1528
15
30
30
0
689
38
46
46
0
1077
47
30
30
1
838
380
41
41
1
1035
394
30
30
1
1242
436
41
41
0
1096
449
30
30
0
933
444
67
67
1
1145
463
30
30
0
438
462
30
30
0
371
550
39
39
0
1440
565
33
33
1
1036
580
30
30
1
776
581
30
30
1
913
582
30
30
1
961
603
30
30
1
891
604
30
30
0
679
601
62
62
0
823
656
30
30
0
868
651
30
30
0
934
651
30
30
1
773
657
30
30
0
799
713
30
30
0
868
717
30
30
0
846
719
30
30
1
772
727
33
33
0
934
787
30
30
0
889
793
33
33
1
1145
792
33
33
0
984
789
30
30
0
582
811
30
30
0
624
815
36
36
0
1340
823
33
33
1
829
904
44
44
1
993
907
44
44
1
1160
916
41
41
0
703
907
65
65
0
573
944
41
41
0
607
958
33
33
0
649
975
33
33
0
263
986
31
31
0
68
999
30
30
0
455
1003
33
33
0
208
1003
36
36
0
1154
1011
30
30
0
1570
1022
30
30
0
849
1032
31
31
1
754
1048
36
36
0
1467
1059
30
30
0
1470
1062
54
54
1
1238
1069
49
49
0
1203
1085
30
30
0
326
1097
30
30
0
748
1101
30
30
1
837
1117
33
33
0
1466
1118
30
30
0
1452
1129
30
30
0
1437
1141
30
30
0
1422
1151
30
30
0
462
1159
41
41
0
1545
1159
41
41
0
999
1156
44
44
0
947
1151
49
49
