30
0
1282
487
30
30
0
371
547
44
44
0
670
543
30
30
0
361
546
30
30
0
1570
619
30
30
0
871
805
30
30
0
582
808
39
39
0
633
825
30
30
0
778
839
30
30
0
648
866
39
39
0
451
872
30
30
0
406
901
46
46
0
373
936
46
46
0
572
944
41
41
0
802
970
30
30
0
448
994
41
41
0
547
1010
30
30
0
1138
1028
39
39
0
969
1032
46
46
0
415
1038
30
30
0
551
1039
30
30
0
1570
1051
30
30
0
604
1063
30
30
0
340
1074
39
39
0
370
1087
30
30
0
632
1094
39
39
0
64
1109
41
41
0
94
1146
54
54
0
1093
1170
30
30
0
108
1170
30
30
