67
0
488
40
30
30
0
419
41
30
30
0
490
153
57
57
0
588
165
49
49
0
1556
236
44
44
1
958
271
30
30
0
669
286
54
54
0
472
347
39
39
0
947
346
49
49
0
338
396
30
30
0
1166
397
39
39
0
0
419
49
49
0
1177
432
31
31
0
527
443
30
30
0
925
469
30
30
1
961
487
30
30
1
853
492
36
36
0
492
505
30
30
1
721
511
31
31
0
0
520
36
36
1
897
522
30
30
1
835
529
33
33
1
770
534
30
30
0
915
562
30
30
1
1043
564
36
36
0
856
569
30
30
0
793
580
30
30
0
232
581
30
30
0
1214
587
31
31
0
1215
579
30
30
1
721
610
30
30
0
856
650
30
30
0
214
660
30
30
0
1316
696
54
54
0
364
694
41
41
0
1040
754
30
30
1
725
782
30
30
0
1326
806
39
39
0
832
811
52
52
1
1054
828
41
41
0
1203
853
31
31
0
1304
854
30
30
0
1261
858
52
52
1
926
863
44
44
0
1460
872
30
30
0
1332
876
30
30
0
1307
881
30
30
0
1515
875
30
30
0
557
882
30
30
0
686
903
30
30
0
1432
907
30
30
0
214
929
30
30
0
215
951
30
30
0
1104
971
30
30
1
929
1005
44
44
0
1256
1014
54
54
0
1445
1033
46
46
1
1056
1046
30
30
0
234
1089
33
33
0
1216
1102
30
30
0
1171
1140
30
30
0
745
1152
39
39
0
1434
1152
30
30
0
1323
1160
30
30
0
1003
1156
44
44
0
420
1170
30
30
0
1228
1170
30
30
