66
0
1472
86
30
30
1
296
93
30
30
1
345
127
30
30
1
217
134
31
31
0
1167
193
33
33
0
566
209
30
30
1
540
252
30
30
1
610
250
30
30
1
221
278
30
30
0
359
278
30
30
1
263
312
30
30
1
348
309
30
30
0
467
326
30
30
1
378
334
39
39
1
451
333
30
30
0
270
342
30
30
0
328
354
30
30
0
256
363
44
44
0
1065
384
49
49
1
529
427
31
31
1
206
429
30
30
0
327
424
30
30
0
487
436
46
46
0
98
451
30
30
0
259
481
30
30
0
48
496
30
30
0
380
501
30
30
0
296
507
30
30
0
316
517
33
33
1
521
547
33
33
0
452
546
30
30
0
1484
560
41
41
0
722
582
30
30
1
250
630
39
39
1
397
650
30
30
1
522
660
39
39
0
429
705
30
30
0
283
710
30
30
0
618
741
30
30
1
381
773
44
44
1
153
775
46
46
0
506
767
57
57
0
613
795
46
46
1
580
804
30
30
0
374
807
57
57
0
736
823
54
54
0
584
843
30
30
0
1258
853
33
33
0
935
850
30
30
0
726
872
36
36
0
399
899
30
30
0
475
950
33
33
0
376
949
36
36
0
1259
951
30
30
0
869
973
31
31
0
684
1000
54
54
0
1181
1032
33
33
0
1183
1038
30
30
0
514
1045
30
30
0
439
1092
30
30
0
469
1096
33
33
0
1495
1130
30
30
0
651
1140
44
44
0
381
1143
30
30
0
189
1170
30
30
0
1165
1170
30
30
