62
0
190
172
30
30
0
856
186
30
30
0
579
206
31
31
0
615
204
46
46
0
781
236
30
30
0
780
255
31
31
0
524
262
30
30
0
14
286
30
30
1
839
312
39
39
1
483
314
33
33
1
548
332
30
30
1
705
337
30
30
0
321
339
30
30
0
364
339
30
30
1
931
389
33
33
1
825
415
30
30
0
770
421
30
30
0
1141
433
31
31
1
419
536
30
30
1
708
536
30
30
1
573
538
30
30
0
1440
540
30
30
0
1130
581
44
44
0
1137
579
30
30
1
419
615
30
30
0
989
619
30
30
0
1008
651
30
30
0
455
674
30
30
0
500
676
30
30
0
573
676
30
30
0
757
727
46
46
0
645
745
30
30
0
571
814
30
30
0
402
822
36
36
0
1152
853
30
30
0
361
862
33
33
1
492
866
41
41
1
660
868
41
41
0
1439
865
30
30
1
828
868
41
41
0
326
896
30
30
0
493
920
46
46
0
1561
927
39
39
0
842
976
39
39
0
1387
980
30
30
1
912
1008
30
30
1
418
1009
30
30
0
1382
1036
39
39
0
425
1039
30
30
0
483
1048
30
30
0
1233
1078
57
57
0
1101
1094
41
41
0
1407
1091
33
33
0
357
1140
31
31
0
1439
1136
46
46
0
1548
1148
52
52
0
710
1160
30
30
0
1406
1167
33
33
0
626
1164
36
36
0
951
1170
30
30
0
711
1170
30
30
0
803
1170
30
30
