43
0
679
210
31
31
0
849
239
30
30
0
676
346
36
36
0
476
348
30
30
0
873
369
31
31
0
553
402
36
36
0
690
400
54
54
0
1179
433
31
31
0
0
493
33
33
0
71
491
30
30
0
490
504
30
30
0
76
514
30
30
0
1294
690
30
30
0
1319
695
49
49
0
366
696
30
30
0
769
707
30
30
1
945
765
46
46
1
1011
793
33
33
1
1400
839
46
46
0
838
852
30
30
0
1548
856
52
52
0
442
862
30
30
1
1302
877
30
30
0
1492
882
30
30
0
738
904
30
30
0
728
934
59
59
0
439
971
31
31
0
636
991
49
49
1
1042
1011
31
31
1
1184
1011
31
31
1
931
1030
36
36
1
1096
1037
33
33
1
1015
1040
30
30
0
798
1078
30
30
0
1016
1102
36
36
0
498
1106
39
39
1
877
1104
33
33
0
461
1145
30
30
0
1260
1159
41
41
0
1420
1159
41
41
0
1020
1161
39
39
0
1046
1170
30
30
0
965
1170
30
30
