31
0
862
0
30
30
0
917
0
30
30
0
1570
0
30
30
0
1570
53
30
30
0
1527
109
30
30
0
919
123
30
30
0
860
394
41
41
0
983
474
46
46
0
1415
503
44
44
1
19
530
30
30
0
377
555
31
31
0
1570
620
30
30
1
34
816
36
36
0
621
811
44
44
0
1504
823
41
41
0
771
857
44
44
0
365
926
54
54
0
800
973
30
30
0
849
971
30
30
0
1043
977
30
30
0
222
979
41
41
0
56
985
30
30
0
261
988
30
30
0
1141
1031
31
31
0
1091
1034
30
30
0
978
1040
30
30
0
1570
1054
30
30
0
386
1102
30
30
0
1454
1131
46
46
0
0
1148
52
52
0
1093
1170
30
30
