63
0
855
0
30
30
0
1472
42
30
30
0
1114
48
30
30
0
738
78
30
30
1
352
140
30
30
0
645
150
30
30
1
468
154
30
30
0
233
170
30
30
0
463
210
46
46
1
617
212
30
30
0
1460
211
39
39
0
519
282
44
44
1
267
312
31
31
1
387
316
30
30
1
486
323
30
30
1
312
337
30
30
1
371
339
30
30
1
428
342
30
30
0
376
386
36
36
1
271
388
30
30
1
574
397
30
30
0
804
401
30
30
0
149
425
31
31
0
386
455
31
31
1
277
456
30
30
0
978
470
54
54
0
1427
509
33
33
1
587
514
30
30
0
451
521
31
31
0
332
522
36
36
1
284
527
31
31
0
584
547
49
49
0
1433
557
44
44
0
386
568
52
52
1
606
618
41
41
0
1570
619
30
30
1
346
631
49
49
1
490
633
30
30
0
140
702
30
30
0
146
726
30
30
0
618
726
41
41
0
665
744
49
49
1
503
757
30
30
0
358
756
54
54
0
631
813
30
30
0
319
858
30
30
0
780
857
30
30
0
1223
860
30
30
0
714
919
54
54
0
803
969
31
31
0
690
983
30
30
0
1133
1024
46
46
0
1141
1032
31
31
0
132
1036
30
30
0
87
1054
52
52
0
619
1057
33
33
0
1467
1064
30
30
0
772
1067
30
30
0
581
1079
33
33
0
1474
1079
41
41
0
0
1095
46
46
0
612
1111
30
30
0
309
1115
31
31
