47
0
1429
0
30
30
0
1567
0
33
33
0
1447
26
30
30
0
907
80
30
30
0
7
89
30
30
0
1453
95
30
30
0
629
168
41
41
1
768
167
30
30
1
695
329
31
31
1
782
343
30
30
1
728
355
30
30
1
851
354
30
30
1
769
363
30
30
0
721
381
62
62
0
777
415
30
30
0
816
419
30
30
0
768
499
30
30
0
609
521
30
30
1
911
546
30
30
0
819
546
30
30
1
911
544
30
30
0
1570
543
30
30
0
416
561
31
31
0
901
560
52
52
0
754
557
41
41
0
108
637
30
30
1
733
654
41
41
1
922
651
30
30
1
838
655
30
30
1
742
660
30
30
0
1254
659
30
30
0
202
674
30
30
0
1525
711
30
30
0
744
773
39
39
0
0
850
30
30
0
872
886
36
36
0
766
909
46
46
0
557
934
30
30
0
1178
1031
36
36
0
65
1036
30
30
0
325
1061
33
33
0
1559
1071
41
41
0
1523
1087
30
30
0
824
1101
30
30
0
356
1140
30
30
0
96
1164
36
36
0
889
1170
30
30
