70
0
666
0
30
30
0
103
69
30
30
0
76
122
30
30
0
1136
135
44
44
1
916
140
30
30
1
1204
154
30
30
1
969
159
30
30
1
1095
163
30
30
0
853
161
44
44
0
841
194
30
30
0
909
201
30
30
0
0
204
30
30
1
1277
213
30
30
0
1150
222
39
39
0
500
278
30
30
0
1410
306
30
30
0
512
309
39
39
1
859
317
30
30
1
988
321
30
30
1
987
322
30
30
1
1101
325
30
30
1
971
342
30
30
1
1031
345
30
30
0
970
388
30
30
0
1034
389
31
31
1
1199
399
30
30
0
1153
416
33
33
0
1254
418
36
36
0
969
450
33
33
0
1033
452
33
33
0
886
461
30
30
0
835
495
49
49
0
1033
513
33
33
1
1199
518
30
30
0
413
553
44
44
0
955
548
65
65
0
1485
560
39
39
0
847
565
30
30
0
1309
593
46
46
0
1352
603
30
30
0
729
617
30
30
1
918
624
30
30
1
1070
627
31
31
1
1219
630
31
31
1
1071
750
31
31
1
839
762
30
30
0
1049
772
67
67
0
848
807
30
30
1
917
826
30
30
1
1222
828
30
30
0
756
835
30
30
0
1284
831
36
36
0
0
851
30
30
0
854
870
39
39
0
899
874
33
33
0
975
916
31
31
0
1469
959
31
31
0
426
969
46
46
0
1472
1005
30
30
0
1181
1032
31
31
0
704
1066
30
30
0
510
1079
39
39
0
668
1096
30
30
0
738
1104
30
30
0
991
1122
44
44
0
1549
1159
31
31
0
1167
1156
44
44
0
787
1167
33
33
0
615
1170
30
30
0
593
1170
30
30
