41
0
1299
0
30
30
0
1336
0
30
30
0
1362
0
30
30
0
834
17
30
30
0
1163
82
30
30
1
563
546
30
30
0
412
553
46
46
0
1485
556
44
44
1
612
564
30
30
0
854
571
41
41
1
869
619
30
30
0
722
632
39
39
1
806
636
30
30
0
778
638
30
30
1
639
731
30
30
1
736
732
30
30
1
524
732
30
30
1
624
751
33
33
1
570
753
30
30
1
681
755
30
30
0
629
778
30
30
1
528
804
30
30
1
823
803
30
30
0
1542
806
52
52
0
1556
840
30
30
0
689
841
30
30
1
534
872
30
30
0
935
885
30
30
0
1449
886
30
30
1
835
916
30
30
0
567
928
30
30
0
830
942
52
52
0
366
993
30
30
0
1167
1018
39
39
1
859
1026
30
30
1
736
1039
30
30
0
1050
1043
36
36
1
604
1053
31
31
0
436
1085
30
30
0
640
1123
30
30
0
602
1141
59
59
