61
0
784
0
54
54
1
916
7
30
30
1
629
41
30
30
0
1153
44
30
30
1
726
61
30
30
1
804
77
30
30
1
631
100
30
30
0
670
105
30
30
0
717
115
30
30
0
763
123
30
30
1
633
154
30
30
0
674
160
30
30
0
720
167
30
30
0
765
176
30
30
0
875
196
30
30
0
74
197
30
30
0
1570
225
30
30
0
520
247
33
33
1
880
245
30
30
0
715
260
44
44
0
879
273
33
33
1
682
308
39
39
1
687
312
30
30
1
794
324
30
30
0
1308
320
30
30
1
895
336
30
30
0
684
353
59
59
0
794
359
59
59
0
1120
382
41
41
0
131
391
33
33
0
687
404
44
44
1
635
425
30
30
1
801
426
30
30
0
650
452
30
30
0
800
457
41
41
0
959
493
30
30
1
906
498
30
30
0
276
520
30
30
0
1196
523
52
52
0
215
550
30
30
0
407
554
30
30
0
1425
558
49
49
0
500
606
39
39
0
1570
615
30
30
0
1245
639
30
30
0
524
760
30
30
0
851
789
30
30
0
581
812
33
33
0
629
819
31
31
0
721
834
30
30
0
450
871
33
33
0
574
957
30
30
0
1255
962
30
30
0
425
995
30
30
0
965
1033
44
44
0
359
1035
30
30
0
398
1054
30
30
0
1569
1059
31
31
0
1570
1057
30
30
0
792
1137
30
30
0
338
1161
39
39
