61
0
78
0
30
30
0
837
102
30
30
1
306
237
41
41
1
374
267
31
31
0
1229
260
30
30
1
712
314
36
36
0
685
334
30
30
0
591
333
30
30
0
803
367
33
33
0
1570
430
30
30
0
1141
432
30
30
1
534
484
30
30
1
405
494
30
30
1
249
505
33
33
1
458
517
30
30
1
385
524
30
30
0
485
559
30
30
0
1137
579
30
30
0
310
591
44
44
0
1137
590
30
30
1
254
604
30
30
0
991
619
30
30
0
866
634
39
39
0
416
650
30
30
0
1007
651
30
30
0
992
660
30
30
0
966
658
30
30
0
1009
661
31
31
0
320
680
36
36
1
260
689
31
31
1
640
702
36
36
0
345
740
30
30
0
637
746
33
33
1
257
766
39
39
0
844
761
30
30
0
385
795
67
67
1
653
822
44
44
0
1032
854
30
30
0
1152
853
30
30
0
1011
872
39
39
0
1374
873
30
30
0
861
882
30
30
0
1452
881
39
39
0
285
906
30
30
0
311
930
39
39
0
690
955
54
54
0
1387
980
30
30
1
513
998
41
41
0
823
999
30
30
0
1288
1010
39
39
0
341
1045
31
31
0
832
1076
30
30
0
913
1099
31
31
0
863
1133
30
30
0
1356
1149
33
33
0
288
1143
41
41
0
1121
1147
30
30
0
649
1170
30
30
0
1157
1167
33
33
0
1268
1170
30
30
0
889
1170
30
30
