98
0
0
5
33
33
0
1375
98
30
30
0
681
208
31
31
0
185
218
30
30
0
938
233
33
33
0
502
232
52
52
0
619
239
46
46
0
940
250
30
30
0
729
269
33
33
0
565
293
30
30
0
729
325
33
33
0
679
349
33
33
0
473
349
33
33
0
905
342
49
49
0
338
396
30
30
0
643
398
36
36
0
551
405
33
33
0
1177
430
33
33
0
462
433
30
30
0
1050
434
36
36
0
652
440
30
30
0
1007
449
31
31
0
803
455
31
31
0
950
458
41
41
0
703
461
31
31
0
0
476
52
52
0
442
482
30
30
0
921
508
30
30
0
765
533
30
30
0
1211
586
36
36
0
1214
591
30
30
0
713
666
30
30
0
1207
686
30
30
0
1287
689
33
33
0
1325
694
39
39
0
326
689
36
36
0
1146
691
30
30
0
365
696
31
31
0
1116
697
57
57
0
1021
712
31
31
0
884
723
30
30
0
1128
739
31
31
0
645
740
39
39
0
1000
733
30
30
0
1060
753
30
30
0
889
762
30
30
0
984
773
31
31
0
705
796
39
39
1
846
805
30
30
0
976
818
52
52
1
876
816
30
30
0
1151
819
30
30
0
211
823
30
30
1
1066
844
30
30
0
1093
853
33
33
0
1157
849
46
46
0
627
852
30
30
0
943
850
46
46
1
1013
858
30
30
0
443
861
30
30
0
986
875
30
30
0
1332
878
30
30
0
1510
896
30
30
1
809
917
30
30
1
885
917
30
30
1
955
921
30
30
0
582
921
30
30
0
676
933
46
46
1
912
931
30
30
1
872
933
30
30
1
876
946
30
30
0
831
946
62
62
0
603
960
30
30
0
908
962
39
39
1
1013
965
30
30
0
832
998
39
39
0
599
996
30
30
0
906
999
39
39
0
738
1005
46
46
0
619
1020
33
33
0
835
1038
33
33
1
806
1036
30
30
0
157
1043
31
31
0
1336
1062
36
36
0
679
1067
30
30
0
633
1080
31
31
1
841
1103
31
31
1
930
1104
30
30
1
1020
1106
30
30
0
159
1111
30
30
0
156
1134
30
30
0
840
1149
30
30
0
535
1159
41
41
0
1361
1167
33
33
0
1321
1156
44
44
0
1385
1170
30
30
0
185
1170
30
30
0
1510
1170
30
30
