68
1
1147
111
31
31
1
1221
154
30
30
1
865
154
30
30
1
915
161
30
30
0
314
185
30
30
1
1132
186
30
30
0
705
196
30
30
0
942
232
59
59
0
1115
268
30
30
0
997
286
30
30
1
1039
300
30
30
1
933
314
30
30
0
1302
321
30
30
0
544
320
52
52
0
1570
325
30
30
1
815
328
30
30
1
972
329
30
30
1
856
341
30
30
1
1142
357
30
30
1
813
392
30
30
0
1071
422
30
30
0
956
421
54
54
0
971
433
30
30
1
1145
475
30
30
0
776
486
30
30
1
805
513
31
31
0
1132
502
54
54
0
834
511
30
30
0
1415
508
49
49
0
982
538
30
30
0
906
539
57
57
0
373
557
33
33
0
1438
550
57
57
0
1331
575
30
30
1
1164
590
30
30
0
779
592
30
30
1
1012
601
30
30
1
869
610
31
31
1
868
610
30
30
0
505
641
31
31
0
814
708
36
36
1
1005
717
44
44
1
1013
723
30
30
0
373
731
33
33
0
191
758
30
30
0
1002
750
57
57
0
787
792
30
30
1
1169
794
30
30
0
357
791
65
65
0
621
814
44
44
0
650
868
39
39
0
53
864
30
30
0
451
870
30
30
0
600
937
46
46
0
374
943
36
36
0
119
946
30
30
0
804
963
30
30
0
802
976
30
30
0
454
988
39
39
0
454
1010
30
30
0
517
1016
30
30
0
640
1020
54
54
0
890
1076
30
30
0
585
1102
44
44
0
1538
1138
62
62
0
1110
1153
30
30
0
1355
1170
30
30
0
135
1170
30
30
