49
0
525
161
49
49
0
581
206
30
30
0
244
210
30
30
0
621
208
44
44
1
696
267
30
30
1
730
276
30
30
0
639
303
46
46
1
892
306
39
39
0
374
342
36
36
0
575
344
36
36
0
446
381
62
62
0
268
389
30
30
0
1567
427
33
33
0
792
439
39
39
0
430
440
30
30
1
657
466
30
30
0
1209
499
31
31
1
900
522
30
30
0
599
551
62
62
0
1111
576
30
30
0
302
596
57
57
0
1050
598
30
30
1
896
662
39
39
0
1505
675
30
30
0
1232
684
41
41
0
886
693
52
52
0
1255
757
33
33
1
785
785
44
44
1
791
790
30
30
1
910
799
31
31
0
348
857
30
30
0
1232
900
57
57
1
787
920
39
39
1
968
963
44
44
0
790
964
36
36
0
427
977
30
30
0
598
993
44
44
0
1104
998
57
57
1
910
1029
33
33
0
1216
1024
30
30
0
1492
1036
39
39
0
888
1045
49
49
0
1204
1101
33
33
0
987
1099
30
30
0
642
1130
30
30
0
508
1128
30
30
0
1197
1153
30
30
0
471
1170
30
30
0
567
1169
31
31
