58
0
78
0
30
30
0
409
0
30
30
0
611
0
30
30
0
1204
180
30
30
0
447
194
65
65
0
679
210
31
31
0
1546
202
54
54
0
708
218
36
36
0
749
225
31
31
0
1561
237
39
39
0
850
238
30
30
0
775
270
30
30
0
985
278
44
44
1
1089
280
36
36
0
849
295
31
31
0
1256
305
30
30
0
1000
315
33
33
0
1243
321
44
44
0
672
344
41
41
0
478
349
30
30
0
872
370
30
30
0
338
395
31
31
0
1172
447
30
30
0
655
445
62
62
1
1003
468
31
31
0
0
492
30
30
1
1303
524
30
30
0
1138
531
33
33
0
1545
527
30
30
0
1145
607
33
33
1
1304
667
31
31
0
364
677
30
30
0
365
696
31
31
0
553
715
30
30
1
1173
788
39
39
1
1314
793
44
44
0
379
903
30
30
1
1166
919
44
44
0
1311
928
46
46
0
786
940
30
30
1
1390
961
44
44
0
1166
956
52
52
0
995
966
30
30
0
836
1006
30
30
0
1385
1017
31
31
0
1559
1062
41
41
0
181
1073
30
30
0
161
1085
31
31
0
1045
1098
30
30
0
1526
1101
39
39
0
1417
1113
30
30
0
1570
1116
30
30
0
1407
1138
30
30
0
1460
1135
30
30
0
1517
1134
30
30
0
1524
1154
30
30
0
1359
1170
30
30
0
1509
1170
30
30
