51
1
426
144
36
36
1
479
175
30
30
0
295
205
33
33
0
641
258
31
31
1
751
273
30
30
0
648
277
30
30
1
359
333
31
31
1
485
350
30
30
0
1116
353
30
30
1
590
368
30
30
1
468
372
30
30
0
482
444
52
52
1
672
452
30
30
0
526
498
30
30
0
1431
508
33
33
0
478
507
52
52
0
1197
530
46
46
0
522
563
30
30
1
668
569
30
30
0
655
586
54
54
0
317
624
30
30
1
382
655
57
57
1
545
675
30
30
1
677
681
31
31
0
179
743
30
30
0
381
773
62
62
1
532
787
49
49
1
318
812
30
30
0
531
837
33
33
0
83
836
30
30
0
555
838
30
30
0
1520
842
30
30
0
7
910
30
30
0
626
916
41
41
0
639
939
30
30
0
1240
951
30
30
0
164
971
30
30
0
801
974
30
30
0
139
981
44
44
0
952
1027
46
46
0
1141
1031
31
31
0
610
1041
30
30
0
805
1056
30
30
0
127
1060
30
30
0
617
1104
52
52
0
871
1121
44
44
0
563
1138
30
30
0
1569
1145
31
31
0
1087
1156
44
44
0
995
1170
30
30
0
854
1170
30
30
