62
0
1262
16
30
30
0
1570
40
30
30
0
1159
220
41
41
1
1235
253
30
30
0
1450
271
39
39
0
578
291
30
30
0
1313
329
49
49
1
1428
330
30
30
0
556
328
30
30
0
1268
344
39
39
0
1355
381
44
44
1
1175
397
30
30
1
1336
419
30
30
0
241
440
30
30
0
1261
473
30
30
0
1043
523
33
33
0
0
532
41
41
0
1259
576
31
31
1
1410
599
30
30
0
1486
620
41
41
0
1406
630
30
30
0
1556
634
36
36
1
1241
699
30
30
1
1428
701
33
33
1
1339
700
30
30
0
936
759
30
30
0
1282
756
36
36
0
1246
807
39
39
0
683
814
31
31
1
1350
815
30
30
0
506
835
52
52
0
716
833
30
30
0
1350
842
36
36
0
0
850
30
30
0
1148
857
39
39
0
895
866
30
30
0
1491
868
30
30
0
773
872
30
30
0
1153
877
46
46
1
1444
880
30
30
0
505
905
49
49
0
895
917
44
44
0
1561
918
39
39
0
569
920
36
36
0
472
949
36
36
0
679
954
31
31
0
553
1002
36
36
0
1479
1002
30
30
0
514
1031
30
30
0
1050
1039
39
39
0
648
1045
30
30
0
676
1055
30
30
0
1509
1072
57
57
0
437
1085
30
30
0
468
1092
30
30
0
875
1127
30
30
0
892
1143
39
39
0
943
1157
31
31
0
857
1154
33
33
0
705
1151
49
49
0
935
1170
30
30
0
889
1170
30
30
