64
0
1497
0
30
30
0
1321
42
33
33
0
570
38
52
52
1
666
45
30
30
1
561
76
30
30
0
819
100
31
31
1
910
104
30
30
0
400
106
30
30
0
817
124
30
30
1
581
190
41
41
1
696
206
30
30
1
782
209
30
30
1
628
224
30
30
1
728
227
30
30
0
686
273
31
31
0
633
272
31
31
0
736
271
30
30
1
588
273
30
30
0
741
332
30
30
0
1570
372
30
30
1
868
385
30
30
0
633
391
30
30
0
706
392
30
30
0
867
413
44
44
0
689
437
46
46
0
598
470
52
52
1
885
483
33
33
1
777
492
30
30
1
657
500
30
30
0
1367
536
30
30
0
373
559
31
31
0
1440
567
31
31
0
894
581
39
39
0
390
594
30
30
0
659
593
49
49
1
785
603
30
30
0
777
627
46
46
0
941
641
33
33
1
900
657
30
30
0
216
671
30
30
0
329
747
31
31
0
360
747
30
30
0
572
765
46
46
0
1078
772
52
52
0
852
789
30
30
0
577
812
39
39
0
622
814
39
39
0
799
833
62
62
0
244
850
30
30
0
451
871
31
31
0
1149
887
31
31
0
375
945
33
33
0
135
944
57
57
0
573
951
30
30
0
1042
978
30
30
0
633
1011
44
44
0
1213
1036
30
30
0
424
1042
30
30
0
576
1051
36
36
0
899
1065
31
31
0
327
1095
30
30
0
1570
1097
30
30
0
386
1106
30
30
0
72
1148
52
52
