90
0
912
0
30
30
0
1150
0
39
39
0
1104
95
30
30
0
1490
118
30
30
0
428
128
30
30
0
1274
168
30
30
1
872
227
30
30
0
830
243
49
49
1
913
250
30
30
1
817
271
30
30
0
852
316
30
30
1
1134
328
30
30
1
1079
338
30
30
0
1542
345
31
31
0
948
346
41
41
0
1570
355
30
30
1
837
394
30
30
1
940
408
30
30
1
877
418
30
30
1
1019
419
30
30
1
922
429
33
33
1
972
431
30
30
0
869
469
46
46
0
1287
492
30
30
0
705
523
33
33
0
841
523
33
33
0
887
526
30
30
0
922
531
30
30
0
368
549
46
46
0
1338
579
30
30
0
1158
569
70
70
0
925
595
44
44
0
874
592
52
52
0
974
602
41
41
0
1209
608
41
41
0
686
625
31
31
1
901
698
30
30
1
1014
700
30
30
0
1225
711
30
30
0
1053
744
30
30
0
613
766
30
30
0
274
768
30
30
0
743
788
30
30
0
618
809
30
30
0
899
802
46
46
1
1021
814
30
30
0
0
825
33
33
0
406
833
49
49
1
846
834
30
30
1
847
833
30
30
0
550
848
41
41
0
736
844
41
41
0
1018
844
41
41
0
1336
861
33
33
0
1357
859
33
33
0
580
861
30
30
0
755
860
30
30
0
1178
867
30
30
0
451
872
30
30
1
1129
881
31
31
0
1315
889
33
33
0
891
906
30
30
0
894
940
41
41
0
1399
947
30
30
0
802
973
30
30
0
413
1012
30
30
0
873
1015
31
31
0
1456
1028
30
30
0
1529
1034
39
39
0
415
1041
33
33
0
415
1038
30
30
0
631
1041
33
33
0
631
1062
31
31
0
1570
1066
30
30
0
1241
1072
52
52
0
938
1074
52
52
0
1570
1075
30
30
0
339
1080
30
30
0
370
1086
30
30
0
969
1097
30
30
0
1213
1097
49
49
0
1555
1122
36
36
0
690
1124
39
39
0
608
1137
30
30
0
665
1152
30
30
0
1213
1148
52
52
0
719
1156
44
44
0
745
1170
30
30
0
158
1170
30
30
0
456
1170
30
30
