44
0
1128
38
30
30
0
1525
48
30
30
0
1404
63
30
30
0
1537
209
30
30
0
516
294
30
30
0
1429
390
30
30
0
1516
398
30
30
0
1423
428
30
30
0
1340
490
30
30
0
1152
522
30
30
0
759
530
30
30
1
1246
555
33
33
0
413
556
39
39
1
1430
556
30
30
1
1299
568
30
30
0
294
584
30
30
0
1486
600
30
30
0
214
602
30
30
1
1541
611
30
30
1
1440
729
30
30
1
1326
734
30
30
1
1197
740
33
33
1
1371
754
30
30
1
1241
760
30
30
0
1281
806
30
30
0
715
832
30
30
0
845
848
36
36
0
0
851
30
30
0
1570
864
30
30
0
1372
870
30
30
0
847
894
30
30
1
1556
927
39
39
0
474
948
36
36
0
669
947
44
44
0
874
965
30
30
0
1551
964
49
49
0
870
978
30
30
0
539
988
59
59
0
332
992
30
30
1
1259
1041
44
44
1
1402
1041
54
54
0
1254
1166
30
30
0
1415
1154
46
46
0
1191
1167
33
33
