86
0
858
4
30
30
0
1122
18
52
52
0
1186
63
30
30
0
1164
65
30
30
0
1284
128
30
30
0
831
132
30
30
0
967
150
30
30
0
197
163
30
30
1
852
206
30
30
1
1149
218
30
30
0
1265
225
31
31
1
905
225
30
30
0
1198
219
59
59
0
777
264
30
30
1
1221
279
30
30
0
1097
280
30
30
1
1129
289
44
44
0
1083
296
30
30
0
1074
358
57
57
1
790
390
30
30
1
918
395
30
30
1
1032
399
30
30
0
271
398
30
30
1
1032
398
30
30
1
834
413
30
30
1
963
417
30
30
0
1448
449
30
30
1
784
461
30
30
1
1127
474
33
33
0
874
475
30
30
0
1329
495
33
33
0
1178
500
30
30
0
1192
503
30
30
0
957
505
30
30
0
917
533
30
30
0
1220
542
54
54
0
416
551
49
49
0
1414
548
39
39
0
1472
551
52
52
0
832
564
30
30
0
955
575
33
33
0
812
573
30
30
0
69
578
30
30
0
537
579
30
30
1
776
586
36
36
0
894
588
30
30
1
1125
593
31
31
0
872
599
30
30
0
912
602
30
30
0
975
601
30
30
0
875
625
62
62
0
1077
663
30
30
0
1508
660
30
30
0
714
680
36
36
1
838
696
30
30
1
987
702
31
31
1
1136
706
30
30
0
948
769
30
30
0
824
799
54
54
0
126
808
30
30
1
981
819
30
30
1
757
828
31
31
1
758
827
30
30
0
1205
837
30
30
0
967
842
62
62
0
0
850
30
30
0
1036
876
30
30
1
1127
897
30
30
0
505
905
49
49
0
570
920
36
36
0
456
938
54
54
0
884
962
52
52
0
707
1036
39
39
0
1503
1067
30
30
0
567
1073
33
33
0
436
1086
30
30
0
596
1126
30
30
0
956
1142
52
52
0
1005
1154
46
46
0
1520
1165
30
30
0
247
1167
33
33
0
272
1170
30
30
0
476
1170
30
30
0
1449
1170
30
30
0
291
1170
30
30
0
709
1170
30
30
