104
0
1295
6
30
30
0
15
149
30
30
0
851
160
54
54
0
583
205
30
30
0
875
204
30
30
0
1231
261
33
33
1
250
277
31
31
0
150
294
30
30
1
307
301
33
33
1
450
305
30
30
1
621
354
44
44
0
805
367
30
30
1
547
384
30
30
0
441
379
49
49
0
244
388
36
36
0
874
410
30
30
0
954
425
46
46
0
1138
428
39
39
0
1141
435
30
30
1
459
511
33
33
1
342
522
30
30
1
342
521
30
30
0
665
526
41
41
1
194
531
33
33
1
390
545
31
31
1
318
547
36
36
1
252
555
30
30
0
1136
587
31
31
1
553
593
33
33
0
393
602
39
39
0
638
619
33
33
1
199
627
31
31
0
1483
631
44
44
0
1553
628
30
30
0
869
631
30
30
0
1510
642
30
30
0
870
649
30
30
0
93
675
62
62
0
265
673
30
30
0
1125
686
30
30
1
201
708
36
36
0
664
718
30
30
1
560
727
33
33
0
339
745
31
31
0
1037
742
46
46
0
386
751
33
33
0
323
760
31
31
0
552
759
52
52
0
905
781
30
30
1
207
795
31
31
0
694
814
30
30
0
870
825
30
30
0
861
842
30
30
1
579
851
31
31
0
1081
854
44
44
0
1228
860
52
52
0
796
865
30
30
0
849
867
31
31
1
441
883
33
33
0
856
879
30
30
0
705
906
49
49
1
286
921
31
31
0
1382
927
30
30
0
1531
927
30
30
0
939
944
30
30
0
487
958
31
31
0
577
962
49
49
1
645
979
33
33
0
763
976
30
30
0
738
984
30
30
0
794
988
30
30
0
299
991
30
30
0
712
999
31
31
0
693
999
30
30
0
919
998
30
30
0
459
996
30
30
0
1244
1005
33
33
0
1261
1011
31
31
0
1287
1001
46
46
1
441
1017
44
44
0
862
1014
30
30
1
450
1025
30
30
0
1342
1039
30
30
0
875
1044
30
30
0
1360
1052
36
36
0
465
1060
30
30
1
587
1062
30
30
0
844
1067
41
41
1
595
1068
30
30
0
850
1068
30
30
0
444
1070
30
30
0
776
1085
30
30
0
1270
1098
41
41
0
764
1112
36
36
0
137
1120
57
57
0
842
1129
41
41
0
1356
1148
39
39
0
201
1154
46
46
0
519
1154
46
46
0
691
1156
44
44
0
195
1169
31
31
0
897
1170
30
30
0
1524
1170
30
30
0
876
1170
30
30
