64
0
1505
58
31
31
0
856
187
30
30
0
579
206
33
33
0
650
267
33
33
0
1230
260
30
30
0
374
340
39
39
0
270
387
33
33
0
462
401
30
30
0
577
418
30
30
0
1570
429
30
30
0
1141
433
31
31
0
636
444
30
30
0
1554
481
46
46
0
1198
551
30
30
0
1472
571
30
30
0
1137
587
31
31
0
989
619
30
30
1
655
631
30
30
1
688
643
30
30
0
1086
646
30
30
1
896
680
30
30
0
769
692
31
31
0
469
695
44
44
0
712
705
39
39
0
492
751
30
30
1
611
751
30
30
1
696
755
30
30
1
770
759
30
30
1
833
808
30
30
0
710
825
57
57
0
638
840
30
30
0
987
841
30
30
0
1084
853
36
36
0
1152
853
30
30
0
350
856
30
30
0
627
871
46
46
0
672
879
41
41
1
829
889
30
30
0
1278
904
30
30
1
638
954
30
30
1
739
958
30
30
1
836
963
33
33
0
629
988
52
52
0
1178
987
30
30
0
537
988
30
30
0
731
996
39
39
0
1276
1000
52
52
0
1382
1035
39
39
0
1493
1036
39
39
1
735
1040
31
31
1
589
1041
30
30
0
943
1052
30
30
1
882
1054
30
30
0
46
1053
30
30
0
1241
1058
36
36
0
585
1070
49
49
1
832
1092
30
30
0
1399
1087
44
44
0
1530
1124
39
39
0
1123
1147
30
30
0
1548
1148
52
52
0
1239
1157
30
30
0
1152
1159
41
41
0
944
1170
30
30
