59
0
625
0
30
30
0
785
0
31
31
0
726
35
39
39
0
623
38
30
30
0
463
204
44
44
0
677
210
33
33
0
709
218
39
39
0
1547
226
30
30
0
529
279
30
30
1
895
315
33
33
0
1356
324
30
30
0
673
342
41
41
1
960
340
30
30
1
1117
340
30
30
1
1335
392
36
36
0
338
396
30
30
0
550
400
41
41
0
380
409
30
30
1
1232
418
30
30
0
826
441
30
30
0
486
430
72
72
0
733
476
30
30
0
49
493
30
30
0
681
495
30
30
0
745
504
30
30
1
823
540
30
30
1
1106
540
30
30
1
977
542
30
30
1
1029
569
30
30
0
755
650
30
30
0
1098
659
30
30
0
970
678
30
30
0
779
710
30
30
0
1039
747
30
30
0
1193
802
30
30
0
1272
809
30
30
0
1548
855
52
52
0
440
861
30
30
1
1214
871
41
41
0
1245
870
30
30
1
870
869
52
52
0
722
873
30
30
1
1045
872
46
46
0
896
988
36
36
1
1040
997
39
39
1
1286
1008
36
36
1
798
1016
30
30
0
863
1015
30
30
0
1396
1057
30
30
0
212
1073
33
33
1
1202
1072
30
30
0
1265
1106
30
30
0
1324
1118
30
30
0
488
1134
30
30
0
986
1137
33
33
0
1181
1145
30
30
0
1048
1146
30
30
0
1047
1169
31
31
0
504
1170
30
30
