69
0
379
78
30
30
0
49
86
30
30
0
8
92
39
39
0
210
95
30
30
0
80
111
30
30
0
107
137
33
33
0
580
145
30
30
0
1350
167
30
30
0
541
176
30
30
0
583
189
30
30
0
1087
353
30
30
1
828
365
30
30
1
827
365
30
30
1
878
392
30
30
0
1292
394
30
30
1
999
413
30
30
1
752
420
30
30
0
220
432
30
30
0
340
470
36
36
0
1048
475
30
30
1
1156
480
30
30
0
751
483
30
30
0
990
478
41
41
1
1084
493
30
30
0
1252
532
36
36
0
1484
560
41
41
0
1039
553
44
44
1
766
567
30
30
1
890
582
36
36
0
74
583
30
30
1
998
592
30
30
1
877
603
31
31
1
935
608
30
30
0
1257
641
30
30
0
794
643
30
30
0
857
647
30
30
0
917
652
30
30
0
700
694
30
30
0
755
719
33
33
0
857
717
30
30
0
1252
718
30
30
0
292
755
30
30
0
507
766
33
33
0
792
783
30
30
0
915
793
30
30
0
258
791
30
30
0
1434
815
30
30
0
1293
824
30
30
0
1074
838
52
52
0
573
833
62
62
0
1216
877
33
33
0
1220
887
49
49
0
1124
918
30
30
0
463
928
59
59
0
1375
936
30
30
0
1219
994
30
30
0
840
1006
39
39
0
455
1028
44
44
1
1156
1069
31
31
0
492
1077
30
30
1
733
1086
36
36
0
950
1095
52
52
0
1302
1108
41
41
0
743
1124
30
30
1
1086
1134
36
36
0
739
1144
52
52
0
547
1147
30
30
0
374
1170
30
30
0
1416
1170
30
30
