52
0
644
0
30
30
0
1403
51
33
33
0
1488
53
30
30
1
204
201
30
30
0
1381
199
30
30
1
248
226
30
30
0
401
300
30
30
1
511
312
30
30
1
434
314
39
39
1
440
317
30
30
1
134
359
30
30
0
982
364
30
30
1
252
380
30
30
0
1495
388
30
30
1
350
391
31
31
1
291
406
30
30
0
615
450
30
30
1
429
470
30
30
0
285
503
31
31
0
212
596
52
52
0
546
620
36
36
1
166
651
30
30
1
300
660
36
36
1
303
662
30
30
1
428
674
30
30
1
301
766
33
33
1
480
793
44
44
0
852
790
30
30
0
583
811
31
31
0
620
812
41
41
0
770
828
39
39
1
421
843
30
30
0
780
857
30
30
0
581
883
31
31
0
111
921
30
30
0
707
916
62
62
0
800
974
30
30
0
952
993
41
41
0
1141
1031
33
33
0
402
1038
52
52
0
64
1057
33
33
0
1548
1057
30
30
0
353
1066
36
36
0
1556
1069
44
44
0
764
1067
30
30
0
800
1085
30
30
0
233
1114
44
44
0
278
1125
30
30
0
1471
1122
67
67
0
1457
1132
46
46
0
1529
1150
30
30
0
339
1164
36
36
