59
1
952
26
30
30
1
992
49
30
30
1
897
81
30
30
0
428
93
30
30
0
20
97
30
30
1
1206
109
33
33
0
317
132
30
30
0
1126
176
36
36
1
1017
206
30
30
1
919
206
30
30
1
1097
213
30
30
0
1345
222
30
30
1
1050
231
30
30
0
605
251
30
30
0
961
269
44
44
0
1013
275
31
31
0
1058
275
30
30
0
1012
328
39
39
0
971
335
31
31
0
1061
335
31
31
1
1175
387
30
30
0
1014
390
30
30
0
1119
393
30
30
0
968
396
30
30
0
1541
398
30
30
0
1020
441
41
41
1
1192
488
30
30
1
1094
495
30
30
1
988
504
30
30
0
1474
507
39
39
0
1481
555
44
44
0
862
562
30
30
0
481
585
30
30
0
1199
586
33
33
1
1103
607
30
30
0
980
600
57
57
0
1104
638
36
36
1
943
640
30
30
0
495
644
30
30
0
820
670
30
30
0
1343
718
30
30
0
1046
721
44
44
0
0
846
30
30
0
445
859
30
30
0
558
868
30
30
0
1459
891
30
30
0
506
897
30
30
0
889
935
30
30
0
622
973
59
59
0
666
984
52
52
0
334
993
31
31
0
1483
990
30
30
0
656
1049
54
54
0
1027
1060
30
30
0
1159
1073
33
33
0
650
1129
36
36
0
640
1141
59
59
0
1551
1151
49
49
0
1167
1170
30
30
