51
0
0
0
46
46
0
1498
0
30
30
0
1415
7
30
30
0
1502
41
41
41
0
1095
47
30
30
0
53
49
30
30
0
355
60
30
30
0
1414
75
30
30
0
1512
115
30
30
0
1570
116
30
30
0
226
125
30
30
1
293
345
30
30
1
218
353
30
30
0
1176
360
41
41
0
1294
415
30
30
0
1152
460
30
30
0
668
464
30
30
0
1046
467
59
59
1
205
485
33
33
1
277
515
30
30
0
1484
525
30
30
1
262
532
30
30
1
338
536
30
30
1
300
544
30
30
0
1484
556
41
41
0
199
625
30
30
1
174
629
30
30
1
353
727
30
30
0
220
757
36
36
0
344
761
30
30
1
178
814
36
36
0
702
812
41
41
0
679
815
33
33
1
265
820
36
36
1
341
829
33
33
0
616
849
41
41
0
724
871
36
36
0
846
895
30
30
1
244
936
39
39
0
670
947
44
44
0
475
950
33
33
1
352
948
30
30
1
108
959
31
31
0
871
975
30
30
0
123
1012
30
30
0
1181
1033
31
31
0
1050
1044
30
30
0
327
1062
30
30
0
728
1086
30
30
0
186
1099
30
30
0
130
1100
30
30
