53
0
421
104
30
30
0
1062
141
30
30
1
447
362
30
30
0
996
376
57
57
1
502
389
30
30
0
836
417
30
30
0
681
474
30
30
0
978
469
54
54
0
621
471
46
46
1
808
477
30
30
0
529
485
62
62
0
589
561
31
31
0
1437
562
39
39
1
371
563
30
30
1
512
577
30
30
1
484
589
44
44
1
423
591
30
30
1
629
589
30
30
1
556
604
30
30
0
1570
617
30
30
0
401
632
30
30
0
419
644
36
36
0
470
641
30
30
1
365
641
30
30
0
536
644
30
30
0
553
654
39
39
0
505
706
30
30
0
350
710
39
39
0
466
711
30
30
0
533
716
30
30
0
336
723
44
44
0
550
724
39
39
0
257
753
31
31
0
395
773
30
30
0
436
777
30
30
0
464
778
30
30
0
532
783
30
30
0
1451
830
30
30
0
186
833
39
39
0
702
828
59
59
0
1521
840
31
31
0
1070
897
30
30
0
1111
949
30
30
0
1070
971
31
31
1
320
1076
41
41
0
555
1085
62
62
1
718
1135
31
31
0
1459
1138
33
33
0
400
1145
36
36
0
1565
1147
30
30
0
1014
1170
30
30
0
977
1154
46
46
0
1102
1170
30
30
