58
0
7
0
30
30
0
1032
0
39
39
0
1523
0
30
30
0
1570
1
30
30
0
1507
7
30
30
0
1423
36
30
30
0
929
45
30
30
0
1570
51
30
30
0
1433
61
30
30
0
359
71
30
30
0
6
90
30
30
0
1479
107
30
30
0
1101
129
30
30
0
483
137
33
33
0
683
186
30
30
0
1408
223
30
30
0
155
224
30
30
1
868
260
30
30
1
971
268
30
30
0
90
277
30
30
0
580
282
30
30
1
770
292
30
30
0
968
320
52
52
0
1016
380
41
41
0
1458
398
30
30
1
793
408
30
30
1
988
414
30
30
0
300
422
30
30
1
1065
480
30
30
0
1246
532
41
41
0
1398
532
30
30
0
945
536
30
30
0
1475
558
46
46
0
517
580
30
30
1
1073
584
30
30
0
971
592
30
30
0
250
600
30
30
0
386
601
36
36
0
895
629
49
49
1
1096
684
36
36
1
982
690
30
30
1
864
696
30
30
1
1158
794
30
30
1
993
799
30
30
0
477
812
33
33
1
816
831
30
30
0
589
873
30
30
0
532
907
30
30
0
690
968
30
30
0
1192
982
36
36
0
333
993
30
30
0
544
1010
30
30
0
0
1011
30
30
0
1201
1018
46
46
0
1041
1034
46
46
0
992
1101
36
36
0
171
1133
30
30
0
928
1161
39
39
