73
0
1227
0
31
31
0
1318
0
30
30
0
1167
9
30
30
0
1153
15
30
30
0
884
21
30
30
0
1328
50
30
30
0
880
54
30
30
0
1503
118
30
30
1
815
133
30
30
1
866
144
30
30
1
1106
185
30
30
0
0
191
30
30
0
537
244
30
30
0
846
265
30
30
1
1008
314
30
30
1
895
323
31
31
1
772
339
30
30
1
938
342
30
30
1
874
351
31
31
1
820
354
30
30
1
1118
389
30
30
0
806
405
39
39
0
1365
418
30
30
0
1011
422
30
30
0
886
464
41
41
0
1285
494
30
30
0
776
499
30
30
1
1123
524
31
31
0
533
533
30
30
0
218
535
30
30
0
1112
554
54
54
0
639
567
30
30
0
1402
572
30
30
1
833
634
54
54
0
465
643
30
30
1
983
644
44
44
0
17
644
33
33
1
1145
651
31
31
0
1279
656
30
30
0
798
705
30
30
0
1570
710
30
30
0
526
761
36
36
1
990
777
39
39
1
992
779
30
30
1
776
783
36
36
0
1231
800
30
30
0
97
803
30
30
0
560
809
44
44
0
1180
809
30
30
0
771
816
30
30
0
774
833
30
30
0
1203
859
31
31
0
566
874
30
30
0
775
892
31
31
0
1481
920
30
30
0
1475
933
30
30
0
1464
947
30
30
0
800
973
30
30
0
259
978
39
39
0
211
1006
31
31
0
53
1036
30
30
0
546
1038
30
30
0
782
1067
30
30
0
896
1084
30
30
0
1126
1080
30
30
0
326
1096
30
30
0
386
1104
30
30
0
493
1108
30
30
0
991
1109
30
30
0
1031
1151
30
30
0
706
1164
36
36
0
736
1170
30
30
0
0
1170
30
30
