47
0
724
47
30
30
0
659
60
30
30
0
6
89
30
30
1
713
142
30
30
1
612
171
36
36
1
939
214
30
30
0
860
210
30
30
0
756
244
41
41
0
1246
275
31
31
0
861
290
44
44
0
1255
290
44
44
1
644
314
30
30
1
748
319
30
30
1
833
325
30
30
0
696
389
33
33
0
747
391
33
33
1
648
390
30
30
0
753
456
36
36
0
714
456
30
30
0
1475
508
44
44
1
924
517
30
30
0
711
529
31
31
0
1240
523
54
54
0
924
550
39
39
0
420
561
33
33
0
759
577
44
44
0
1285
617
46
46
1
846
637
31
31
1
846
637
30
30
1
731
649
31
31
0
420
652
30
30
0
958
732
36
36
1
861
762
30
30
0
968
816
30
30
0
624
838
41
41
0
1016
886
30
30
0
1454
1019
30
30
0
1048
1024
57
57
0
1181
1032
31
31
0
1530
1063
30
30
0
1503
1066
30
30
0
1096
1068
30
30
0
891
1087
30
30
0
1524
1087
30
30
0
1498
1085
36
36
0
1247
1135
65
65
0
271
1165
30
30
