89
0
540
76
43
43
0
2090
146
39
39
0
2060
244
35
35
0
2007
301
35
35
0
2261
315
31
31
0
785
362
30
30
0
2034
423
63
63
0
1990
509
47
47
0
2038
621
31
31
0
2001
624
31
31
0
1963
626
30
30
0
2024
659
30
30
0
1949
663
35
35
0
1986
662
30
30
0
1973
695
35
35
0
2012
696
30
30
0
1936
699
35
35
0
629
729
79
79
0
2144
836
35
35
1
1397
868
39
39
0
1471
876
75
75
0
1480
891
63
63
0
732
895
99
99
0
1064
920
39
39
1
884
917
35
35
0
0
951
35
35
0
1900
933
83
83
1
652
970
31
31
1
1251
976
31
31
1
230
972
55
55
0
1918
981
63
63
1
358
991
55
55
1
1020
991
47
47
1
367
997
35
35
0
1909
1011
47
47
0
776
1019
31
31
1
842
1043
55
55
0
1256
1196
43
43
1
659
1225
43
43
1
435
1251
47
47
1
443
1254
31
31
0
1937
1254
83
83
1
526
1265
47
47
1
169
1280
51
51
1
402
1285
43
43
1
279
1302
39
39
1
850
1299
39
39
0
544
1317
35
35
0
428
1332
31
31
0
396
1339
30
30
0
302
1352
35
35
1
191
1378
43
43
0
1383
1391
31
31
0
440
1418
31
31
0
1187
1421
87
87
1
211
1461
47
47
0
556
1472
39
39
0
1919
1482
43
43
0
308
1495
63
63
1
228
1531
43
43
1
859
1545
59
59
1
623
1596
39
39
1
354
1622
63
63
1
1148
1626
47
47
0
1199
1651
31
31
0
887
1664
30
30
0
636
1669
30
30
1
1251
1666
31
31
0
1155
1674
43
43
0
277
1712
30
30
0
966
1713
35
35
0
382
1756
30
30
0
29
1788
30
30
1
264
1782
47
47
0
1965
1816
39
39
1
402
1812
47
47
0
2298
1823
39
39
1
53
1818
51
51
0
0
1833
30
30
0
335
1842
30
30
0
257
1851
30
30
0
59
1866
71
71
0
102
1885
30
30
0
230
1920
67
67
0
192
1930
63
63
0
1805
1935
43
43
0
1664
1967
83
83
0
1694
2009
39
39
0
1917
2007
43
43
