95
0
863
63
30
30
0
1301
298
47
47
0
1135
339
31
31
0
1153
356
30
30
0
1204
698
43
43
0
708
733
43
43
0
1368
742
39
39
0
658
743
31
31
0
596
747
35
35
0
716
786
31
31
0
591
785
55
55
0
657
790
35
35
0
599
793
35
35
0
712
828
39
39
0
2381
831
67
67
0
657
836
35
35
0
599
839
39
39
1
2030
842
47
47
0
2146
850
63
63
0
1928
879
51
51
1
1558
894
51
51
0
1900
899
30
30
0
1662
914
39
39
1
1340
947
43
43
0
1883
955
30
30
1
962
953
47
47
1
1066
970
59
59
1
1672
969
47
47
1
1523
1031
35
35
0
1873
1027
79
79
0
834
1071
39
39
0
2418
1074
30
30
0
343
1144
31
31
0
1857
1156
35
35
0
448
1175
31
31
0
1847
1161
67
67
0
235
1193
35
35
0
485
1190
71
71
1
1292
1197
47
47
0
321
1198
83
83
0
358
1225
30
30
0
166
1220
75
75
1
1085
1230
43
43
1
1165
1247
39
39
0
457
1264
30
30
1
834
1264
43
43
1
1048
1264
43
43
1
1438
1265
59
59
1
928
1285
35
35
1
1450
1278
35
35
0
1170
1294
30
30
0
1049
1314
43
43
0
933
1330
35
35
0
2260
1330
39
39
1
832
1364
35
35
0
1522
1404
35
35
0
999
1438
31
31
1
831
1443
39
39
0
382
1475
30
30
0
1732
1478
31
31
0
948
1482
51
51
0
489
1493
31
31
0
930
1487
31
31
0
399
1510
47
47
0
525
1503
63
63
1
828
1515
39
39
0
305
1517
35
35
1
1399
1527
51
51
0
1752
1532
39
39
0
1706
1532
39
39
0
251
1553
39
39
0
493
1544
51
51
0
2008
1553
79
79
1
2078
1568
30
30
1
1174
1578
35
35
0
310
1603
35
35
1
1635
1601
47
47
1
929
1618
39
39
0
1392
1627
67
67
0
1622
1640
55
55
0
2394
1695
35
35
0
837
1694
30
30
1
799
1758
51
51
0
461
1768
63
63
1
370
1768
35
35
1
512
1790
30
30
1
598
1799
47
47
0
858
1820
30
30
0
0
1840
51
51
0
0
1870
55
55
1
482
1880
43
43
0
2052
1900
31
31
0
697
1912
59
59
0
665
1928
51
51
0
1815
1995
55
55
