88
0
540
76
43
43
0
2342
84
43
43
0
2087
145
43
43
0
2060
241
39
39
0
1996
291
51
51
0
2257
311
43
43
0
2031
421
63
63
0
1230
560
31
31
0
2038
621
31
31
0
2001
624
31
31
0
1963
626
30
30
0
2026
658
30
30
0
1949
662
35
35
0
1986
662
30
30
0
2010
694
35
35
0
1973
695
35
35
0
1936
699
35
35
0
541
745
30
30
0
2146
840
30
30
0
1797
846
71
71
1
1397
869
39
39
0
1279
886
31
31
0
1948
869
91
91
0
1480
891
63
63
0
1016
910
71
71
1
880
915
43
43
0
0
951
35
35
0
1915
945
63
63
1
225
959
67
67
1
652
970
31
31
1
359
995
51
51
1
1016
990
51
51
0
944
1003
39
39
1
370
1000
31
31
1
845
1047
51
51
0
855
1055
30
30
0
1941
1072
43
43
0
1893
1098
35
35
0
2203
1166
31
31
0
1256
1196
43
43
1
659
1224
43
43
1
443
1254
31
31
0
1939
1255
79
79
1
528
1270
39
39
1
169
1281
51
51
1
402
1285
43
43
1
279
1302
39
39
1
850
1299
39
39
0
424
1335
39
39
0
398
1339
31
31
1
191
1378
43
43
0
1384
1391
30
30
0
921
1403
91
91
0
440
1418
31
31
1
209
1459
47
47
0
556
1472
39
39
0
1922
1482
43
43
0
451
1487
30
30
0
309
1497
59
59
0
1635
1509
51
51
1
228
1530
43
43
1
859
1546
59
59
0
430
1564
39
39
1
619
1592
47
47
0
1763
1627
35
35
1
354
1619
67
67
0
1728
1652
35
35
0
887
1664
30
30
1
1251
1666
31
31
0
1155
1674
43
43
0
642
1709
31
31
0
966
1711
39
39
0
939
1729
31
31
1
869
1741
31
31
0
384
1756
30
30
0
21
1786
35
35
1
264
1782
47
47
0
2296
1819
43
43
1
403
1818
39
39
0
0
1833
30
30
0
335
1839
30
30
0
0
1866
83
83
0
1879
1917
30
30
0
228
1920
67
67
0
1807
1935
43
43
0
1666
1983
67
67
0
1876
2006
43
43
0
1698
2013
35
35
