97
0
14
81
30
30
0
0
95
83
83
0
323
106
39
39
0
0
142
67
67
0
327
159
30
30
0
53
171
35
35
0
0
171
71
71
0
505
217
31
31
0
88
262
35
35
0
141
537
31
31
0
47
636
31
31
0
78
639
31
31
0
106
639
35
35
0
66
673
31
31
0
93
673
35
35
0
123
676
35
35
0
81
707
31
31
0
111
710
31
31
0
140
712
35
35
0
711
711
30
30
0
1958
768
59
59
0
2079
776
67
67
0
1972
785
30
30
0
2031
787
35
35
0
2095
793
35
35
0
1958
822
55
55
1
192
828
39
39
0
2016
824
59
59
0
1970
834
31
31
0
2077
828
63
63
0
2028
836
35
35
0
0
841
63
63
0
2089
842
35
35
1
272
865
35
35
0
1955
868
55
55
1
604
878
55
55
0
1967
881
31
31
1
452
886
39
39
0
2025
885
35
35
0
2086
891
35
35
0
679
901
31
31
1
1046
912
83
83
0
758
923
35
35
0
449
971
47
47
1
624
990
55
55
1
1683
993
55
55
0
966
1001
39
39
0
1271
1021
47
47
0
1896
1058
39
39
1
240
1068
31
31
1
2336
1063
71
71
0
390
1093
47
47
0
2221
1097
59
59
1
310
1103
30
30
0
1674
1120
30
30
1
2131
1146
67
67
0
1770
1175
30
30
0
1261
1204
39
39
0
1808
1207
55
55
1
718
1234
39
39
0
209
1256
47
47
0
2195
1330
35
35
0
1017
1343
43
43
0
961
1365
55
55
0
2153
1386
67
67
1
464
1408
39
39
0
1674
1444
31
31
1
641
1448
39
39
0
1576
1450
55
55
0
1538
1476
43
43
0
509
1479
30
30
0
1772
1493
31
31
0
458
1500
51
51
0
1095
1520
63
63
0
1573
1541
30
30
0
814
1567
79
79
0
497
1573
30
30
0
705
1580
47
47
0
1208
1608
59
59
1
982
1641
31
31
0
1292
1650
51
51
0
1228
1649
30
30
1
902
1667
31
31
1
1140
1676
39
39
0
1297
1686
31
31
0
978
1683
39
39
1
1622
1718
31
31
0
1181
1740
79
79
0
2130
1776
30
30
0
1808
1781
55
55
0
1207
1842
30
30
0
749
1846
75
75
0
1077
1851
55
55
1
1706
1862
39
39
0
1779
1889
30
30
0
1853
1909
30
30
0
747
1913
107
107
