78
0
0
14
39
39
0
554
42
39
39
0
584
140
35
35
0
609
234
30
30
0
0
297
67
67
0
448
369
43
43
0
342
406
63
63
0
1840
428
31
31
0
648
491
59
59
0
636
606
31
31
0
671
609
30
30
0
707
612
30
30
0
647
644
30
30
0
682
645
30
30
0
717
649
30
30
0
658
679
31
31
0
693
682
31
31
0
728
684
31
31
0
654
794
39
39
1
757
798
47
47
0
504
813
67
67
0
1125
820
67
67
1
847
835
35
35
1
1053
858
43
43
0
1027
928
91
91
0
1055
945
63
63
0
1388
952
43
43
1
1231
969
47
47
1
2393
976
55
55
0
1639
985
35
35
1
755
1038
35
35
1
937
1070
35
35
1
831
1082
30
30
1
916
1095
31
31
0
2377
1095
31
31
1
1010
1108
31
31
0
2256
1104
51
51
0
1753
1122
35
35
0
922
1129
47
47
0
2193
1137
63
63
0
1014
1169
43
43
0
2339
1173
30
30
0
2370
1176
30
30
0
841
1191
63
63
0
1778
1201
43
43
0
2252
1208
31
31
0
921
1207
71
71
0
954
1210
35
35
1
1274
1210
43
43
0
664
1232
55
55
1
828
1265
30
30
0
885
1260
47
47
0
969
1272
39
39
0
880
1279
43
43
0
1030
1292
63
63
0
1058
1295
35
35
0
1732
1326
31
31
0
970
1334
59
59
0
1765
1379
63
63
1
936
1389
35
35
0
1706
1410
30
30
0
1911
1414
31
31
0
2281
1409
47
47
1
1128
1426
43
43
0
2147
1452
39
39
0
2387
1462
39
39
1
1339
1469
39
39
0
919
1474
59
59
0
2199
1510
39
39
0
1100
1512
79
79
0
2376
1533
30
30
0
1305
1561
79
79
1
2307
1714
35
35
0
1726
1717
79
79
0
2358
1751
63
63
0
1207
1819
67
67
1
2233
1838
35
35
0
2388
1882
30
30
