113
0
15
79
31
31
0
0
95
83
83
0
323
106
39
39
0
328
201
39
39
0
92
268
30
30
0
141
537
31
31
0
506
535
47
47
0
47
636
31
31
0
78
639
31
31
0
108
639
35
35
0
62
669
35
35
0
93
673
35
35
0
123
676
35
35
0
81
707
31
31
0
111
710
31
31
0
711
713
30
30
0
1904
724
39
39
0
828
743
43
43
0
1933
747
39
39
0
1962
773
51
51
0
1972
785
30
30
0
2031
787
35
35
0
2091
789
43
43
0
101
824
31
31
0
1958
822
55
55
1
191
831
30
30
0
1970
834
31
31
0
0
837
67
67
0
2028
836
35
35
0
2089
842
35
35
0
134
849
31
31
1
271
862
39
39
1
610
872
43
43
0
1963
877
39
39
1
452
879
39
39
0
2025
885
35
35
0
2086
891
35
35
0
710
888
51
51
0
618
899
31
31
0
679
901
31
31
0
1016
913
30
30
0
755
920
39
39
0
936
916
59
59
1
1050
915
79
79
0
907
930
30
30
0
1889
935
30
30
0
990
947
43
43
0
449
971
47
47
1
624
986
59
59
1
1679
987
63
63
0
1271
1021
47
47
0
1893
1057
43
43
1
242
1068
31
31
1
2332
1056
75
75
0
387
1092
55
55
1
310
1104
30
30
0
1675
1120
30
30
0
1574
1141
35
35
1
2135
1148
63
63
0
1768
1171
39
39
0
1528
1180
35
35
0
1268
1207
30
30
0
1812
1209
51
51
0
418
1227
67
67
1
718
1234
39
39
0
512
1239
47
47
0
209
1254
51
51
0
508
1250
79
79
0
376
1282
59
59
0
554
1319
31
31
0
528
1316
63
63
0
2195
1330
35
35
0
1019
1351
31
31
0
485
1352
71
71
0
979
1372
31
31
0
1174
1386
79
79
0
2157
1392
59
59
1
464
1406
39
39
0
1141
1436
30
30
0
1672
1443
30
30
1
641
1448
39
39
0
1599
1461
30
30
0
1553
1484
31
31
0
1770
1493
31
31
0
1695
1490
31
31
1
442
1508
30
30
0
1812
1532
35
35
0
1569
1535
35
35
0
1101
1525
59
59
0
617
1544
39
39
1
690
1561
39
39
0
818
1585
59
59
1
979
1639
35
35
0
1290
1650
51
51
0
1228
1649
30
30
0
1194
1669
47
47
1
1144
1679
35
35
0
1292
1688
35
35
0
982
1685
35
35
0
2130
1776
30
30
0
1809
1786
47
47
0
1077
1851
55
55
1
1706
1864
39
39
1
2036
1882
43
43
0
1779
1889
30
30
0
212
1906
30
30
0
1853
1909
30
30
0
2086
1964
35
35
0
1866
1975
71
71
0
2226
1978
47
47
0
1909
1987
63
63
0
1955
1995
55
55
0
819
1987
63
63
