82
0
0
16
35
35
0
555
45
35
35
0
582
140
35
35
0
479
231
30
30
0
609
234
30
30
0
219
240
30
30
0
0
297
63
63
0
448
369
43
43
0
337
403
79
79
0
412
442
87
87
0
467
457
43
43
0
650
509
30
30
0
636
606
31
31
0
671
609
30
30
0
707
612
30
30
0
647
644
30
30
0
682
645
30
30
0
717
649
30
30
0
655
675
39
39
0
725
682
35
35
0
691
682
30
30
0
2116
697
71
71
0
650
794
43
43
1
758
807
39
39
0
504
813
63
63
0
690
819
39
39
1
843
839
39
39
1
1053
858
43
43
0
1356
864
55
55
0
1241
876
39
39
0
1322
881
31
31
0
1407
899
35
35
1
1752
899
63
63
0
1031
933
87
87
1
1231
968
47
47
0
1640
978
43
43
1
2393
976
55
55
1
755
1043
35
35
1
937
1070
35
35
1
829
1082
30
30
1
916
1092
30
30
0
2379
1097
30
30
1
1008
1108
30
30
0
2264
1120
30
30
0
844
1122
35
35
1
782
1127
30
30
0
1749
1120
39
39
0
929
1131
39
39
0
2203
1160
31
31
0
1744
1156
31
31
0
2339
1173
30
30
0
840
1186
67
67
0
1779
1197
47
47
0
951
1204
31
31
0
2250
1208
31
31
0
1036
1217
39
39
0
664
1232
55
55
1
828
1265
30
30
0
945
1268
87
87
0
970
1336
55
55
0
1765
1381
63
63
1
936
1389
35
35
0
1704
1410
30
30
0
1911
1415
30
30
0
2299
1418
30
30
1
1128
1426
39
39
0
62
1442
47
47
0
2151
1454
35
35
0
913
1453
83
83
0
2390
1466
31
31
1
1339
1471
39
39
0
1100
1503
79
79
0
2197
1507
43
43
0
2313
1519
35
35
0
2374
1529
35
35
0
1295
1540
103
103
0
1617
1685
67
67
1
2303
1712
39
39
0
1726
1716
83
83
0
2358
1751
63
63
0
2388
1882
30
30
0
1642
1899
43
43
