107
0
366
0
91
91
0
15
79
31
31
0
0
95
83
83
0
314
109
43
43
0
0
142
67
67
0
327
159
30
30
0
53
176
30
30
0
0
171
71
71
0
141
537
30
30
0
506
540
47
47
0
47
636
31
31
0
107
639
30
30
0
62
669
35
35
0
93
673
35
35
0
123
676
35
35
0
81
707
31
31
0
111
710
31
31
0
1940
757
31
31
0
1962
775
51
51
0
2019
773
63
63
0
1970
781
35
35
0
2031
787
35
35
0
2087
785
51
51
0
1958
818
59
59
1
193
831
31
31
0
2016
826
59
59
0
1969
834
30
30
0
2076
826
67
67
0
2028
836
35
35
0
0
841
63
63
0
2089
842
35
35
1
270
862
39
39
0
1956
871
51
51
1
614
879
35
35
0
1967
881
31
31
0
2071
879
63
63
0
2025
885
35
35
0
2086
891
35
35
0
1014
913
30
30
0
902
925
39
39
0
936
918
59
59
1
1075
925
47
47
1
1072
945
47
47
0
442
983
47
47
0
1927
980
39
39
0
562
988
35
35
1
624
990
55
55
0
513
998
51
51
0
2102
997
31
31
1
1687
997
47
47
0
966
1003
35
35
0
1893
1057
43
43
1
238
1068
31
31
1
2336
1058
75
75
0
387
1092
59
59
0
2225
1099
55
55
1
307
1103
30
30
0
1554
1104
83
83
1
550
1119
35
35
0
1675
1120
30
30
1
2131
1146
67
67
0
1514
1160
63
63
0
1770
1173
30
30
0
1649
1167
87
87
0
1651
1195
30
30
0
2196
1200
35
35
0
1264
1212
31
31
0
1816
1221
39
39
1
709
1222
59
59
0
1085
1231
39
39
0
516
1238
39
39
0
209
1256
47
47
0
470
1295
39
39
0
1019
1349
31
31
0
975
1368
39
39
0
2153
1385
67
67
0
1281
1401
35
35
1
464
1408
39
39
0
1321
1438
35
35
0
1672
1443
30
30
1
634
1440
51
51
0
1597
1462
30
30
0
1551
1485
30
30
0
1772
1493
31
31
0
1010
1492
67
67
0
1674
1508
83
83
0
1101
1520
59
59
0
1807
1530
43
43
0
1573
1539
30
30
0
623
1544
30
30
1
555
1583
30
30
0
817
1591
30
30
1
979
1641
35
35
0
1228
1649
30
30
1
902
1669
31
31
1
1144
1678
35
35
0
1292
1685
39
39
0
1810
1792
39
39
0
1077
1851
55
55
1
1702
1857
47
47
1
2036
1880
47
47
0
1854
1909
30
30
0
1866
1975
71
71
1
2165
1971
43
43
0
986
1985
35
35
0
1909
1987
63
63
0
1949
1995
55
55
