97
0
380
0
67
67
0
13
76
35
35
0
0
95
83
83
0
0
142
67
67
0
53
174
31
31
0
328
201
39
39
0
93
266
31
31
0
141
537
30
30
0
506
540
47
47
0
47
636
31
31
0
74
636
35
35
0
106
639
35
35
0
62
669
35
35
0
93
673
35
35
0
123
676
35
35
0
1962
775
51
51
0
2019
775
59
59
0
1972
785
30
30
0
2031
787
35
35
0
2087
785
51
51
0
1958
820
55
55
1
190
834
39
39
0
1970
834
31
31
0
2028
836
35
35
0
0
841
59
59
0
2089
842
35
35
1
272
862
35
35
0
1952
869
59
59
0
2010
871
63
63
1
452
883
39
39
0
1967
881
31
31
0
2025
885
35
35
0
2086
891
35
35
0
711
890
47
47
0
678
901
30
30
0
936
918
59
59
0
762
925
31
31
1
1075
927
47
47
0
988
941
55
55
0
449
971
47
47
1
624
988
55
55
1
1683
991
59
59
0
966
1001
39
39
0
1893
1057
43
43
1
240
1068
31
31
0
387
1092
55
55
0
2226
1096
47
47
0
1674
1118
31
31
1
2135
1150
63
63
0
1770
1173
30
30
0
1524
1180
39
39
0
1648
1183
63
63
0
1818
1216
43
43
0
340
1217
67
67
1
718
1234
39
39
0
209
1256
47
47
0
554
1320
31
31
0
2198
1334
31
31
0
1019
1349
31
31
0
979
1372
31
31
0
1174
1386
79
79
0
1281
1399
35
35
0
2157
1392
59
59
1
459
1400
55
55
0
1318
1439
35
35
1
641
1448
39
39
0
1599
1458
39
39
0
1551
1485
30
30
0
1694
1488
30
30
0
1771
1491
39
39
0
454
1496
55
55
0
1101
1520
59
59
0
1803
1528
47
47
0
1573
1541
30
30
0
470
1559
30
30
1
686
1557
47
47
0
497
1573
30
30
0
821
1582
59
59
1
981
1641
30
30
0
1292
1650
51
51
0
1228
1649
30
30
1
902
1670
35
35
1
1140
1676
39
39
1
1623
1718
30
30
0
1619
1730
75
75
1
1749
1742
30
30
0
2130
1776
30
30
0
1809
1784
51
51
0
2084
1830
31
31
0
1077
1851
59
59
1
1706
1861
39
39
0
1779
1889
30
30
0
1853
1909
30
30
0
988
1914
71
71
0
750
1911
103
103
0
1331
1956
59
59
1
2168
1974
39
39
