109
0
384
0
59
59
0
15
79
31
31
0
0
94
87
87
0
0
142
67
67
0
53
171
35
35
0
0
171
71
71
0
328
201
39
39
0
147
334
51
51
0
137
533
39
39
0
506
540
47
47
0
47
636
31
31
0
78
639
31
31
0
106
639
35
35
0
62
669
35
35
0
93
673
35
35
0
123
676
35
35
0
79
706
35
35
0
111
710
31
31
0
1929
747
43
43
0
831
745
39
39
0
1962
775
51
51
0
2015
770
67
67
0
1972
785
30
30
0
2031
787
35
35
0
2091
789
43
43
0
1958
822
55
55
1
190
831
43
43
0
1969
834
30
30
0
2028
836
35
35
0
0
845
55
55
0
2089
842
35
35
1
270
862
39
39
0
1955
868
55
55
1
610
874
43
43
0
2010
871
63
63
0
1967
881
31
31
1
452
886
39
39
0
2025
885
35
35
0
2086
891
35
35
0
711
890
47
47
0
678
901
30
30
0
618
902
31
31
0
940
920
51
51
0
759
925
31
31
0
0
924
111
111
1
1076
929
43
43
0
990
949
39
39
0
448
971
47
47
1
622
987
63
63
1
1676
984
67
67
0
963
1001
39
39
0
1274
1023
43
43
0
1892
1055
47
47
1
240
1068
31
31
0
2096
1071
59
59
1
2340
1067
63
63
1
401
1092
31
31
0
2226
1098
47
47
0
387
1110
39
39
0
1674
1118
30
30
0
1651
1137
91
91
1
2135
1148
63
63
0
1766
1171
39
39
0
1526
1180
35
35
0
1648
1183
63
63
0
2195
1189
51
51
0
1265
1208
35
35
0
370
1219
31
31
0
1054
1224
31
31
1
718
1234
39
39
0
516
1238
39
39
0
209
1257
47
47
0
1765
1259
35
35
0
701
1265
75
75
0
621
1294
35
35
0
474
1295
35
35
0
2195
1330
35
35
0
1017
1348
30
30
0
2388
1351
30
30
0
968
1364
47
47
1
464
1408
39
39
0
1325
1441
31
31
0
1672
1443
30
30
1
641
1448
39
39
0
1597
1461
30
30
0
1541
1477
39
39
0
1768
1493
35
35
0
1690
1492
30
30
0
452
1499
59
59
0
1807
1530
43
43
0
1571
1541
30
30
0
1770
1562
30
30
1
690
1561
43
43
0
818
1581
63
63
1
982
1641
31
31
0
1228
1649
30
30
1
1140
1676
39
39
0
1289
1681
47
47
1
1622
1718
31
31
0
1181
1741
79
79
0
1703
1757
51
51
0
1077
1851
55
55
0
1853
1909
30
30
0
988
1916
75
75
0
694
1944
63
63
0
1331
1960
55
55
1
2165
1971
43
43
0
2226
1975
43
43
0
1949
1995
55
55
