67
0
0
16
35
35
0
551
38
43
43
0
48
115
91
91
0
0
301
63
63
0
444
365
51
51
0
338
402
71
71
0
620
448
95
95
0
645
489
63
63
0
560
531
31
31
0
636
606
31
31
0
671
609
30
30
0
707
612
30
30
0
647
644
30
30
0
682
645
30
30
0
717
649
30
30
0
656
676
35
35
0
725
682
35
35
0
691
682
30
30
0
504
813
63
63
1
845
837
39
39
1
1241
852
43
43
1
1053
862
39
39
0
1576
906
31
31
0
1031
950
47
47
0
1166
961
30
30
0
1098
970
31
31
1
2393
976
55
55
1
753
1042
39
39
1
1107
1090
35
35
0
2379
1097
30
30
1
1011
1111
30
30
0
2266
1120
30
30
1
783
1126
30
30
0
1749
1120
39
39
0
2187
1135
67
67
0
1779
1197
47
47
0
838
1190
83
83
0
2252
1210
30
30
1
1275
1211
39
39
0
924
1207
83
83
0
664
1232
55
55
1
828
1265
30
30
0
1732
1326
31
31
1
935
1387
39
39
0
1906
1413
35
35
0
1704
1412
30
30
1
1128
1426
39
39
0
2211
1435
30
30
0
59
1440
51
51
0
917
1460
75
75
1
1327
1459
63
63
0
1097
1499
83
83
0
2203
1508
59
59
0
888
1528
47
47
0
1317
1556
67
67
0
1741
1606
31
31
0
1449
1710
30
30
1
2299
1715
47
47
0
2358
1749
67
67
0
1190
1820
30
30
0
1217
1837
47
47
1
2226
1831
43
43
0
2325
1840
87
87
0
2310
1860
35
35
0
2388
1882
30
30
0
2392
1962
39
39
0
1064
1959
91
91
