71
0
0
16
35
35
0
477
235
35
35
0
220
238
30
30
0
0
297
63
63
0
863
323
30
30
0
444
365
51
51
0
342
408
63
63
0
650
509
30
30
0
636
606
31
31
0
671
609
30
30
0
707
612
30
30
0
682
645
30
30
0
717
649
30
30
0
655
675
39
39
0
693
682
30
30
0
728
684
31
31
1
757
800
43
43
0
502
813
63
63
0
762
823
31
31
1
845
837
39
39
1
1237
846
47
47
1
1051
855
43
43
0
1322
880
31
31
0
1407
899
35
35
0
1027
931
91
91
0
1052
945
63
63
1
2393
976
55
55
0
1884
1040
35
35
1
755
1043
35
35
1
937
1070
35
35
1
831
1080
31
31
1
918
1091
31
31
0
2379
1097
30
30
1
1010
1108
31
31
0
1792
1111
51
51
0
2264
1120
30
30
1
782
1126
30
30
0
1756
1123
31
31
0
2190
1137
63
63
0
1014
1167
43
43
0
2339
1173
30
30
0
2370
1176
30
30
0
861
1187
43
43
0
837
1189
67
67
0
1778
1201
43
43
1
1271
1207
47
47
0
1032
1217
47
47
0
663
1230
55
55
1
828
1264
31
31
0
1055
1295
35
35
0
1732
1326
31
31
0
1658
1329
59
59
1
936
1389
35
35
0
1904
1410
39
39
0
1694
1406
43
43
0
2211
1436
30
30
0
2391
1467
30
30
1
1336
1469
43
43
0
2203
1511
35
35
0
1103
1519
67
67
0
1310
1555
79
79
0
1155
1573
30
30
0
1823
1623
47
47
0
1446
1642
67
67
1
1642
1650
39
39
1
2303
1711
39
39
0
2358
1749
67
67
0
1186
1826
39
39
0
2388
1882
30
30
0
935
1901
91
91
0
1064
1959
91
91
