74
0
555
49
30
30
0
405
217
59
59
0
609
234
30
30
0
220
238
30
30
0
0
296
63
63
0
448
369
43
43
0
342
409
63
63
0
649
509
30
30
0
636
606
31
31
0
671
609
30
30
0
707
612
30
30
0
647
644
30
30
0
682
645
30
30
0
717
649
30
30
0
656
676
35
35
0
693
682
30
30
0
728
684
31
31
0
650
792
43
43
1
758
802
39
39
0
502
813
67
67
0
690
817
39
39
0
762
823
31
31
1
845
837
39
39
1
1237
846
47
47
1
1055
862
39
39
0
1407
901
31
31
0
1027
929
91
91
0
1052
943
63
63
1
1231
969
47
47
1
2393
976
55
55
1
755
1038
35
35
1
936
1067
35
35
1
831
1080
31
31
0
2380
1095
35
35
0
2254
1101
63
63
1
783
1127
30
30
0
2341
1172
30
30
0
1729
1195
39
39
0
1778
1201
43
43
0
951
1208
39
39
1
1270
1203
51
51
0
2250
1210
30
30
0
1032
1214
51
51
0
661
1228
59
59
0
944
1225
43
43
1
825
1259
43
43
0
1172
1275
39
39
0
945
1272
87
87
0
1029
1287
75
75
0
1059
1291
31
31
0
1732
1328
31
31
0
1013
1358
30
30
0
1769
1383
55
55
1
936
1389
35
35
0
1911
1409
43
43
0
913
1453
83
83
1
1331
1461
59
59
0
2391
1467
30
30
0
2201
1510
39
39
0
1108
1510
67
67
0
2371
1526
35
35
0
1312
1556
71
71
1
1642
1650
39
39
1
2303
1712
39
39
0
1726
1715
83
83
0
2233
1730
35
35
0
2355
1749
67
67
0
2253
1782
30
30
0
1186
1826
39
39
0
1984
1822
47
47
0
1216
1841
43
43
0
2388
1882
30
30
0
1642
1899
43
43
0
1064
1959
91
91
