94
0
377
0
67
67
0
15
78
30
30
0
0
98
79
79
0
313
105
51
51
0
53
176
30
30
0
92
268
30
30
0
147
334
51
51
0
544
491
59
59
0
582
513
75
75
0
140
535
35
35
0
506
540
47
47
0
42
632
39
39
0
75
634
39
39
0
106
639
35
35
0
93
673
35
35
0
123
676
35
35
0
711
711
30
30
0
1929
745
43
43
0
1958
768
59
59
0
2022
775
59
59
0
1972
785
30
30
0
2031
787
35
35
0
2091
789
43
43
0
1958
822
55
55
0
1970
834
31
31
0
2077
830
59
59
0
2028
836
35
35
0
0
841
63
63
0
2089
842
35
35
1
270
862
39
39
0
1955
868
55
55
1
610
880
43
43
0
2010
873
63
63
1
452
883
39
39
0
1967
881
31
31
0
2026
886
31
31
0
2086
891
35
35
0
679
901
31
31
0
758
925
35
35
0
0
923
115
115
0
907
930
30
30
0
449
971
47
47
0
760
971
43
43
1
624
987
55
55
1
1675
983
71
71
0
966
1001
39
39
0
1271
1021
47
47
0
1893
1057
43
43
1
240
1068
31
31
1
401
1095
31
31
0
2221
1096
63
63
0
1674
1117
31
31
0
1569
1139
39
39
1
2128
1140
71
71
0
1770
1175
30
30
0
1528
1176
43
43
0
1808
1205
59
59
0
1267
1213
30
30
0
370
1219
31
31
1
718
1234
39
39
0
516
1240
39
39
0
209
1256
47
47
0
2198
1334
31
31
0
1017
1348
30
30
0
968
1364
47
47
0
1270
1390
51
51
0
2153
1390
63
63
1
464
1408
39
39
0
1144
1433
35
35
0
1326
1443
30
30
1
641
1448
39
39
0
1597
1461
30
30
0
1770
1493
31
31
0
1095
1518
63
63
0
1807
1527
43
43
0
1570
1539
31
31
1
685
1551
59
59
0
819
1578
67
67
1
979
1641
35
35
0
1201
1648
39
39
0
1230
1649
31
31
1
901
1664
47
47
1
1140
1676
39
39
0
1295
1685
35
35
1
1623
1718
30
30
0
1808
1780
59
59
0
1077
1851
55
55
1
1703
1860
43
43
0
1854
1909
30
30
0
1866
1975
71
71
1
2165
1971
43
43
0
787
1968
75
75
0
1909
1987
63
63
0
1949
1995
55
55
