103
0
369
0
91
91
0
0
94
87
87
0
0
142
67
67
0
327
159
30
30
0
53
176
30
30
0
505
220
31
31
0
91
262
35
35
0
140
535
35
35
0
506
540
47
47
0
41
618
71
71
0
106
639
35
35
0
62
669
35
35
0
93
673
35
35
0
123
676
35
35
0
77
688
75
75
0
142
713
31
31
0
1904
724
39
39
0
828
743
43
43
0
1962
775
51
51
0
2079
776
67
67
0
1972
785
30
30
0
2031
787
35
35
0
2095
793
35
35
0
1958
822
55
55
0
1970
834
31
31
0
2028
836
35
35
0
0
841
63
63
0
2089
842
35
35
1
270
862
39
39
1
610
874
43
43
0
1963
877
39
39
0
2025
885
35
35
0
137
894
39
39
0
2086
891
35
35
0
679
901
31
31
0
758
925
35
35
1
1075
925
47
47
0
1891
935
31
31
1
1072
943
47
47
0
569
985
30
30
0
511
995
55
55
0
0
996
31
31
1
632
998
39
39
1
1687
1000
47
47
0
966
1003
35
35
0
1271
1021
47
47
0
1892
1055
47
47
1
238
1065
31
31
1
2336
1062
71
71
1
404
1095
31
31
0
2226
1095
47
47
1
549
1119
35
35
0
1674
1120
30
30
1
2131
1146
67
67
0
1770
1175
30
30
0
1526
1184
35
35
0
1645
1166
91
91
0
2195
1189
51
51
0
1265
1212
31
31
0
1820
1223
35
35
0
418
1226
63
63
1
713
1226
51
51
0
516
1240
35
35
0
209
1256
47
47
0
727
1264
30
30
0
474
1297
35
35
0
2157
1328
30
30
0
2198
1332
30
30
0
1015
1349
35
35
0
967
1362
51
51
0
1276
1401
31
31
0
2153
1386
67
67
1
464
1406
39
39
0
1318
1438
35
35
1
641
1448
39
39
0
1597
1462
30
30
0
1553
1485
30
30
0
1014
1502
59
59
0
1812
1532
35
35
0
1573
1541
30
30
0
624
1545
30
30
1
690
1561
43
43
0
817
1591
30
30
0
1285
1646
55
55
0
1228
1649
30
30
0
1195
1671
43
43
1
1144
1678
35
35
0
1158
1729
30
30
0
1178
1735
83
83
0
1809
1786
51
51
0
747
1845
79
79
0
1077
1851
59
59
1
1706
1861
39
39
1
2036
1882
43
43
0
1778
1889
31
31
0
212
1903
30
30
0
1853
1909
30
30
0
990
1914
71
71
0
2042
1934
51
51
0
1329
1950
71
71
0
990
1992
30
30
0
1949
1995
55
55
0
662
1979
71
71
