95
0
0
16
35
35
0
553
42
39
39
0
574
135
51
51
0
475
234
39
39
0
0
296
63
63
0
448
369
43
43
0
338
406
67
67
0
642
452
63
63
0
412
442
87
87
0
577
494
30
30
0
649
509
31
31
0
636
606
31
31
0
671
609
30
30
0
707
612
30
30
0
645
642
35
35
0
682
645
30
30
0
717
649
30
30
0
658
679
31
31
0
693
682
31
31
0
728
685
31
31
0
504
813
63
63
0
1125
820
67
67
1
847
841
35
35
1
1237
847
47
47
1
1053
862
39
39
0
1323
881
30
30
0
1407
899
35
35
1
1749
893
63
63
0
780
920
35
35
0
1033
950
43
43
0
1155
956
47
47
0
1059
956
67
67
0
1098
970
31
31
1
1227
965
55
55
1
2393
976
55
55
0
472
1036
39
39
1
755
1038
35
35
0
918
1071
59
59
1
829
1080
30
30
1
1105
1094
39
39
0
2379
1095
31
31
1
1008
1106
30
30
0
2262
1116
47
47
1
782
1126
30
30
0
817
1118
83
83
0
906
1137
79
79
0
2205
1160
31
31
0
2339
1173
30
30
0
1892
1179
47
47
0
1779
1201
43
43
1
1257
1198
83
83
0
920
1199
87
87
0
951
1203
35
35
0
2249
1212
31
31
1
1274
1210
43
43
0
1036
1217
39
39
0
664
1232
55
55
1
828
1264
31
31
0
890
1262
31
31
0
864
1260
75
75
0
1027
1281
95
95
0
1732
1326
31
31
1
936
1389
35
35
0
1897
1400
59
59
0
1698
1410
35
35
1
1128
1428
39
39
0
2211
1435
30
30
0
2156
1456
30
30
0
2391
1466
31
31
0
919
1474
59
59
0
2199
1510
39
39
0
1117
1521
55
55
0
902
1534
30
30
0
1364
1535
35
35
0
1303
1554
87
87
1
1470
1622
30
30
0
1825
1626
43
43
1
1371
1651
31
31
1
1639
1649
43
43
0
1444
1697
55
55
0
1649
1706
31
31
0
1619
1709
30
30
1
2299
1718
47
47
0
1726
1715
83
83
1
2163
1728
35
35
0
2358
1750
67
67
0
2254
1778
39
39
0
1190
1820
30
30
1
2233
1838
35
35
0
530
1841
79
79
0
2310
1862
31
31
0
1667
1871
35
35
0
2388
1882
30
30
0
1645
1902
39
39
0
1068
1971
79
79
