94
0
380
0
67
67
0
14
81
30
30
0
0
142
67
67
0
327
159
30
30
0
0
171
71
71
0
141
537
30
30
0
509
542
43
43
0
47
636
31
31
0
71
617
75
75
0
62
669
35
35
0
93
673
35
35
0
123
676
35
35
0
1929
743
43
43
0
1940
757
31
31
0
1970
781
35
35
0
2031
787
35
35
0
2092
791
39
39
0
1959
824
51
51
1
188
831
43
43
0
1969
834
30
30
0
2028
836
35
35
0
0
841
63
63
0
2089
842
35
35
1
270
862
39
39
1
604
872
55
55
0
1963
877
39
39
1
452
885
39
39
0
2025
885
35
35
0
2086
891
35
35
0
679
901
31
31
0
902
927
35
35
0
939
920
55
55
0
758
923
35
35
1
1079
929
43
43
1
1076
949
43
43
0
448
971
47
47
1
629
997
43
43
1
1687
997
47
47
0
1893
1057
43
43
1
238
1068
31
31
0
386
1093
51
51
0
2222
1093
51
51
0
1549
1097
91
91
0
1674
1120
30
30
0
308
1144
63
63
1
2131
1148
67
67
0
1518
1166
55
55
0
1770
1175
30
30
0
2196
1200
35
35
0
341
1210
67
67
0
1818
1223
35
35
0
421
1228
63
63
0
1085
1231
39
39
1
718
1234
39
39
0
516
1238
39
39
0
209
1254
51
51
0
1771
1260
35
35
0
545
1326
43
43
0
2195
1330
35
35
0
2378
1335
51
51
0
1019
1346
31
31
0
979
1372
31
31
0
1174
1386
79
79
0
1274
1393
47
47
0
2153
1386
67
67
1
464
1408
39
39
1
642
1450
35
35
0
1726
1476
31
31
0
1761
1489
39
39
0
452
1493
59
59
0
1816
1536
31
31
0
1573
1541
30
30
0
821
1582
59
59
1
975
1642
43
43
0
1228
1649
30
30
1
901
1663
47
47
0
1195
1671
43
43
1
1144
1678
35
35
0
1297
1686
31
31
1
1623
1718
30
30
0
1181
1740
79
79
1
1746
1746
39
39
0
1806
1786
47
47
0
2083
1821
63
63
0
1077
1851
55
55
1
2036
1882
43
43
0
1853
1909
30
30
0
990
1914
71
71
0
750
1915
103
103
0
1868
1978
67
67
1
2168
1974
39
39
0
780
1964
83
83
0
1913
1989
55
55
0
1949
1995
55
55
