104
0
1301
295
47
47
0
1153
358
30
30
0
708
733
43
43
0
654
739
39
39
0
1367
742
39
39
0
596
747
35
35
0
712
782
39
39
0
658
792
31
31
0
599
793
35
35
0
712
828
39
39
0
2381
831
67
67
0
657
834
39
39
0
599
839
39
39
1
2026
845
51
51
0
2150
857
51
51
0
1912
855
59
59
0
2124
863
51
51
0
1928
879
51
51
0
1883
880
43
43
1
1562
894
47
47
0
1437
876
91
91
0
1902
898
30
30
0
1666
921
30
30
0
1623
932
30
30
1
1337
940
47
47
1
962
953
47
47
1
1072
971
47
47
1
1672
973
43
43
1
336
1008
59
59
0
1873
1032
75
75
0
834
1071
39
39
0
2418
1074
30
30
0
341
1143
30
30
0
2364
1151
63
63
0
1853
1154
39
39
0
215
1165
75
75
0
448
1175
30
30
0
1847
1163
67
67
0
485
1190
67
67
1
1296
1204
39
39
1
1085
1230
43
43
0
188
1251
31
31
1
1165
1250
39
39
1
834
1264
43
43
1
1045
1264
43
43
1
838
1267
31
31
1
1438
1265
59
59
1
924
1281
43
43
1
1450
1278
35
35
0
2107
1291
30
30
0
2097
1297
87
87
0
1055
1311
31
31
0
1027
1319
39
39
0
2260
1330
39
39
1
831
1362
39
39
0
1156
1372
75
75
0
1046
1392
30
30
0
927
1406
71
71
0
1713
1396
87
87
0
908
1428
63
63
1
831
1442
39
39
0
384
1475
30
30
0
1732
1478
31
31
0
953
1485
47
47
0
492
1489
39
39
0
930
1487
31
31
0
460
1507
30
30
0
525
1501
67
67
0
307
1519
30
30
0
402
1512
43
43
0
1706
1527
39
39
0
1752
1533
39
39
1
1403
1533
43
43
0
253
1555
39
39
0
1686
1559
39
39
1
1170
1572
47
47
1
1174
1578
35
35
0
2141
1587
35
35
0
310
1603
35
35
1
1639
1604
39
39
0
1775
1615
63
63
1
929
1618
39
39
0
1378
1620
95
95
0
1406
1632
30
30
1
1477
1639
35
35
1
1721
1643
30
30
1
1360
1716
30
30
0
1998
1756
35
35
0
568
1754
63
63
1
800
1762
47
47
0
467
1778
51
51
0
1140
1793
43
43
0
815
1813
43
43
0
857
1822
31
31
0
0
1839
55
55
0
757
1859
30
30
0
0
1886
30
30
1
482
1879
43
43
0
721
1894
79
79
0
2051
1900
35
35
0
2014
1921
39
39
0
2079
1963
87
87
0
243
1965
47
47
0
1815
1995
55
55
