86
0
0
13
39
39
0
557
46
31
31
0
609
234
30
30
0
220
238
30
30
0
0
297
63
63
0
448
369
43
43
0
342
409
63
63
0
467
457
43
43
0
577
494
30
30
0
592
511
31
31
0
649
509
30
30
0
556
528
39
39
0
636
606
31
31
0
671
609
30
30
0
707
612
30
30
0
647
644
30
30
0
682
645
30
30
0
717
649
30
30
0
655
675
39
39
0
724
681
39
39
0
693
682
30
30
0
502
813
63
63
0
690
819
39
39
0
1107
813
87
87
1
847
835
35
35
1
1237
845
51
51
1
1051
858
43
43
0
1336
843
95
95
0
653
856
71
71
0
1322
881
31
31
0
1407
901
31
31
1
1752
893
63
63
0
1667
931
35
35
0
1017
938
71
71
0
1033
950
43
43
0
1164
959
30
30
0
1098
970
31
31
1
2393
976
55
55
1
755
1038
35
35
1
937
1070
35
35
1
831
1082
30
30
1
915
1092
31
31
1
1107
1098
35
35
1
1011
1108
30
30
0
2264
1120
30
30
1
783
1126
30
30
0
1753
1122
35
35
0
929
1131
39
39
0
2201
1159
35
35
0
2339
1173
30
30
0
2370
1176
30
30
0
838
1185
87
87
0
869
1192
31
31
0
2247
1208
35
35
1
1274
1210
43
43
0
1036
1217
39
39
0
661
1230
59
59
1
826
1264
31
31
0
861
1257
75
75
0
1167
1268
47
47
0
945
1269
87
87
0
1658
1330
63
63
0
1768
1380
59
59
1
932
1385
43
43
0
1698
1408
35
35
0
1904
1404
51
51
0
2296
1415
30
30
1
1128
1428
39
39
0
2212
1435
30
30
0
2147
1452
39
39
0
2391
1466
31
31
1
1339
1471
39
39
0
2302
1486
35
35
0
2203
1511
35
35
0
1310
1555
75
75
0
1744
1603
35
35
0
1934
1680
51
51
0
1617
1685
67
67
1
2307
1714
35
35
0
1726
1715
79
79
0
2233
1727
35
35
0
2247
1728
59
59
1
2165
1732
30
30
0
2358
1751
63
63
1
2226
1832
47
47
0
1649
1899
30
30
