97
0
867
50
43
43
0
2248
54
39
39
0
1301
295
47
47
0
1153
358
30
30
0
1952
688
35
35
0
1204
694
47
47
0
716
740
31
31
0
1367
742
39
39
0
658
743
31
31
0
592
743
43
43
0
716
786
31
31
0
595
789
43
43
0
658
792
31
31
0
1972
830
47
47
0
712
830
39
39
0
657
834
39
39
0
602
841
35
35
1
2026
845
51
51
0
2100
855
71
71
0
2126
878
31
31
0
1442
882
75
75
1
1562
898
47
47
0
1900
898
30
30
1
1342
947
43
43
1
1883
955
30
30
1
962
951
47
47
1
1070
971
51
51
1
1080
976
31
31
0
759
991
55
55
1
340
1013
51
51
1
1521
1030
39
39
0
2418
1074
30
30
0
343
1143
31
31
0
2365
1153
59
59
0
1853
1152
39
39
0
237
1193
31
31
0
485
1188
71
71
1
1294
1201
43
43
0
321
1201
83
83
0
358
1225
30
30
1
1085
1230
43
43
0
190
1251
31
31
1
1165
1250
39
39
1
838
1267
31
31
1
926
1281
39
39
1
1449
1276
39
39
0
255
1288
30
30
0
2100
1300
83
83
0
1048
1312
39
39
0
1416
1329
35
35
0
2260
1330
39
39
0
1562
1358
30
30
1
832
1364
35
35
0
1046
1392
30
30
0
1024
1408
63
63
1
831
1442
39
39
0
1144
1455
43
43
0
1040
1467
31
31
0
1052
1468
63
63
0
382
1473
31
31
0
1732
1478
31
31
0
993
1485
30
30
0
489
1493
31
31
0
920
1488
39
39
0
285
1504
55
55
0
399
1510
47
47
1
828
1517
39
39
1
1399
1527
51
51
0
1749
1530
43
43
0
1706
1532
39
39
0
1055
1542
31
31
0
427
1574
30
30
1
1174
1578
35
35
0
0
1603
31
31
0
310
1606
31
31
1
918
1608
59
59
1
1645
1609
30
30
0
1426
1641
30
30
1
1478
1643
31
31
1
1721
1643
30
30
0
1176
1651
30
30
0
1622
1640
55
55
1
1150
1695
31
31
1
1360
1716
30
30
1
506
1734
35
35
0
948
1738
31
31
1
803
1764
43
43
1
512
1790
30
30
1
598
1799
47
47
0
857
1822
31
31
0
0
1886
30
30
1
478
1878
47
47
0
2051
1900
35
35
0
744
1905
39
39
0
696
1912
59
59
0
660
1918
63
63
0
1815
1995
55
55
