91
0
1301
295
47
47
0
1153
358
30
30
0
654
739
39
39
0
716
740
31
31
0
592
743
43
43
0
1268
777
31
31
0
712
782
39
39
0
658
792
31
31
0
599
793
35
35
0
648
823
59
59
0
715
830
35
35
0
2381
831
67
67
0
657
836
35
35
0
602
841
35
35
0
2146
850
63
63
1
2034
852
35
35
0
1914
866
55
55
0
1694
885
39
39
1
1558
894
51
51
0
1442
882
75
75
0
1652
910
35
35
0
1667
921
30
30
0
1880
941
43
43
1
953
944
67
67
1
1348
947
30
30
1
962
953
43
43
1
1672
969
47
47
1
1080
976
31
31
1
336
1008
59
59
1
1518
1027
43
43
0
1873
1026
83
83
0
2418
1074
30
30
0
343
1143
31
31
0
2364
1151
67
67
0
1853
1154
39
39
0
1847
1163
67
67
0
233
1193
35
35
0
481
1188
75
75
1
1296
1204
39
39
0
358
1225
30
30
0
166
1220
75
75
0
329
1230
30
30
1
1081
1228
47
47
1
1156
1240
51
51
1
838
1267
31
31
1
1449
1276
39
39
1
928
1285
35
35
0
1170
1294
30
30
0
2260
1330
39
39
1
832
1364
35
35
0
1522
1404
35
35
0
915
1430
51
51
0
1387
1428
75
75
1
828
1440
43
43
0
2191
1462
39
39
0
381
1470
30
30
0
1033
1466
39
39
0
1046
1468
63
63
0
1732
1478
31
31
0
491
1493
31
31
0
513
1488
87
87
0
2302
1514
39
39
1
828
1515
39
39
0
1703
1525
43
43
0
1748
1531
47
47
1
1407
1537
35
35
1
1174
1578
35
35
0
298
1583
75
75
0
0
1603
31
31
0
310
1603
35
35
1
1646
1608
31
31
1
916
1602
71
71
1
933
1623
31
31
0
1392
1627
67
67
1
1721
1643
30
30
0
1611
1661
47
47
0
1169
1669
71
71
0
906
1672
55
55
0
832
1692
31
31
1
1354
1712
39
39
1
370
1768
35
35
1
800
1767
43
43
0
468
1782
47
47
1
917
1800
39
39
0
812
1812
47
47
0
786
1831
31
31
0
0
1843
47
47
0
0
1885
30
30
0
742
1905
39
39
0
1992
1906
31
31
0
1815
1995
55
55
