105
0
1303
295
43
43
0
1135
338
30
30
0
1153
356
30
30
0
716
739
31
31
0
650
737
43
43
0
596
747
35
35
0
712
782
39
39
0
591
787
51
51
0
658
792
31
31
0
599
793
35
35
0
1974
831
43
43
0
715
830
35
35
0
657
836
35
35
0
599
839
39
39
1
2026
845
51
51
0
2097
854
75
75
0
1442
882
75
75
1
1565
893
43
43
0
1900
898
30
30
0
1666
921
30
30
1
1338
947
47
47
1
1883
955
30
30
1
962
953
47
47
1
1072
971
47
47
1
1672
973
43
43
1
1080
976
31
31
1
336
1008
59
59
1
1517
1026
47
47
0
834
1071
39
39
0
2418
1074
30
30
0
341
1143
30
30
0
2365
1153
59
59
0
1853
1154
39
39
0
448
1175
30
30
0
233
1193
35
35
0
485
1190
71
71
1
1295
1199
47
47
0
321
1199
83
83
0
358
1225
30
30
0
167
1224
67
67
1
1085
1230
43
43
1
1161
1248
43
43
0
457
1265
30
30
1
830
1262
47
47
1
1438
1265
59
59
1
928
1285
35
35
1
1450
1278
35
35
0
1045
1307
43
43
0
1051
1310
79
79
0
2260
1330
39
39
1
832
1364
35
35
0
1160
1374
31
31
0
1055
1387
71
71
0
1029
1392
47
47
1
831
1442
39
39
0
1134
1452
43
43
0
1168
1455
39
39
0
1037
1465
35
35
0
369
1469
43
43
0
989
1480
39
39
0
1732
1478
31
31
0
482
1481
55
55
0
920
1488
39
39
0
525
1498
67
67
1
828
1515
39
39
0
883
1530
31
31
1
1399
1529
51
51
0
1749
1531
43
43
0
250
1555
39
39
0
499
1557
30
30
0
1686
1559
39
39
0
427
1574
30
30
1
1174
1576
39
39
0
312
1606
31
31
1
1635
1601
47
47
1
925
1615
47
47
0
1777
1618
59
59
0
1424
1641
30
30
0
1176
1649
31
31
1
1478
1643
31
31
0
1632
1649
43
43
0
1161
1675
71
71
1
1148
1692
35
35
0
2395
1692
35
35
0
835
1690
31
31
0
505
1731
39
39
0
950
1738
31
31
0
568
1752
63
63
1
370
1768
35
35
1
800
1767
43
43
1
512
1790
30
30
1
597
1797
51
51
0
812
1809
47
47
0
857
1822
31
31
0
0
1833
59
59
0
786
1831
31
31
0
0
1870
55
55
1
478
1878
47
47
0
731
1892
75
75
0
2050
1900
35
35
0
1977
1907
51
51
0
695
1909
63
63
0
672
1939
39
39
0
246
1967
43
43
0
1962
1994
39
39
