100
0
312
108
47
47
0
0
142
67
67
0
327
159
30
30
0
53
171
35
35
0
0
170
71
71
0
140
535
35
35
0
506
538
47
47
0
47
636
31
31
0
71
617
75
75
0
62
669
35
35
0
93
673
35
35
0
123
676
35
35
0
78
690
67
67
0
144
713
31
31
0
1904
724
39
39
0
831
745
39
39
0
2015
768
71
71
0
1970
783
35
35
0
1247
791
39
39
0
2031
787
35
35
0
2095
793
35
35
0
97
822
35
35
0
1958
822
55
55
1
193
831
31
31
0
1969
834
30
30
0
2077
830
59
59
0
0
837
67
67
0
2028
836
35
35
0
2089
842
35
35
1
270
862
39
39
0
1955
868
55
55
1
610
872
43
43
1
452
883
39
39
0
1967
881
31
31
0
2018
879
47
47
0
2071
879
63
63
0
2086
891
35
35
0
681
901
30
30
0
758
923
35
35
1
1076
929
43
43
0
991
951
35
35
0
447
967
55
55
0
1923
977
47
47
1
629
997
43
43
1
1687
997
47
47
0
963
1001
39
39
0
1893
1057
43
43
1
242
1068
31
31
1
2340
1067
63
63
1
399
1095
35
35
0
2226
1096
47
47
0
1674
1120
30
30
0
1577
1143
30
30
0
309
1146
59
59
0
330
1151
35
35
1
2135
1148
63
63
0
1514
1164
59
59
0
1757
1165
47
47
0
1820
1223
35
35
1
713
1226
51
51
0
449
1237
35
35
0
509
1239
47
47
0
209
1256
47
47
0
1773
1261
31
31
0
736
1264
39
39
0
372
1278
63
63
0
408
1293
30
30
0
2172
1300
30
30
0
2195
1330
35
35
0
1017
1348
30
30
0
967
1362
51
51
0
1277
1401
31
31
0
2153
1386
67
67
1
468
1410
35
35
0
1325
1441
31
31
0
1674
1443
30
30
1
641
1448
39
39
0
1599
1461
30
30
0
1294
1464
30
30
0
1553
1484
30
30
0
1814
1532
35
35
0
1101
1525
63
63
0
1573
1539
30
30
0
821
1582
59
59
1
979
1638
35
35
0
1290
1650
51
51
0
1228
1649
30
30
0
1195
1671
43
43
1
1144
1679
35
35
0
1296
1689
31
31
1
1618
1714
35
35
1
1750
1742
31
31
0
1809
1786
51
51
0
747
1849
75
75
0
1077
1851
55
55
0
0
1858
75
75
1
2036
1882
43
43
0
1854
1909
30
30
0
988
1914
71
71
0
2086
1964
35
35
