83
0
2123
51
35
35
0
540
76
43
43
0
2346
88
35
35
0
2091
149
35
35
0
2060
244
35
35
0
2261
315
31
31
0
958
352
31
31
0
2034
423
59
59
0
2091
511
30
30
0
2006
517
30
30
0
2038
621
31
31
0
2003
623
30
30
0
1963
626
30
30
0
1983
657
39
39
0
2024
659
30
30
0
1951
662
30
30
0
1973
697
35
35
0
2012
696
30
30
0
1933
698
39
39
1
1893
822
39
39
0
2144
838
35
35
0
1975
847
30
30
0
1471
872
79
79
0
1480
891
63
63
0
1327
902
35
35
0
743
897
87
87
1
876
911
51
51
0
1021
919
63
63
0
0
951
35
35
0
1904
934
79
79
1
644
968
47
47
1
652
970
31
31
1
225
970
67
67
0
1915
980
63
63
1
1016
990
51
51
1
367
997
35
35
0
776
1019
31
31
0
1247
1004
91
91
0
1889
1093
47
47
1
659
1224
43
43
0
2102
1226
35
35
1
435
1249
47
47
1
443
1254
31
31
0
1937
1255
79
79
1
527
1266
47
47
1
169
1282
47
47
1
406
1286
39
39
1
842
1292
51
51
1
279
1302
39
39
0
428
1332
31
31
0
396
1339
30
30
0
819
1341
39
39
1
195
1380
39
39
1
209
1458
47
47
0
1920
1482
47
47
1
231
1535
39
39
1
871
1560
35
35
0
423
1562
47
47
0
1627
1565
59
59
0
1583
1605
30
30
0
1719
1615
35
35
0
875
1626
30
30
1
366
1637
39
39
0
1329
1655
30
30
1
1251
1666
31
31
0
1162
1678
35
35
0
1990
1676
87
87
0
358
1686
79
79
0
281
1710
30
30
1
865
1734
39
39
0
17
1784
39
39
1
264
1782
47
47
0
2296
1819
43
43
1
49
1816
55
55
0
335
1839
30
30
0
1345
1860
83
83
0
228
1920
67
67
0
195
1930
63
63
0
1805
1935
43
43
0
153
1936
67
67
0
1663
1979
71
71
0
1876
2006
43
43
0
1698
2016
31
31
