86
0
2125
52
31
31
0
540
76
43
43
0
2342
84
43
43
0
2091
149
35
35
0
2060
244
35
35
0
1980
297
83
83
0
2257
311
43
43
0
785
362
30
30
0
2034
423
59
59
0
2006
517
30
30
0
1230
560
31
31
0
2034
617
39
39
0
1997
619
39
39
0
1963
626
30
30
0
1985
660
35
35
0
2024
659
30
30
0
1952
662
31
31
0
1774
683
47
47
0
2012
696
30
30
0
425
722
31
31
0
2146
840
30
30
1
1401
870
35
35
0
1471
872
79
79
0
1282
883
31
31
0
1480
891
63
63
0
1326
902
30
30
1
868
906
63
63
0
743
897
87
87
1
880
915
43
43
0
0
951
35
35
0
1900
933
83
83
1
644
968
47
47
1
652
970
31
31
0
1918
981
63
63
1
1016
990
51
51
1
366
995
39
39
1
845
1045
51
51
0
1888
1091
55
55
0
1249
1134
63
63
0
2206
1164
30
30
1
642
1214
63
63
1
443
1254
31
31
0
1939
1255
79
79
1
522
1267
51
51
1
169
1277
47
47
1
406
1289
35
35
1
850
1299
39
39
0
496
1301
75
75
0
554
1314
71
71
0
544
1317
35
35
0
428
1335
35
35
0
396
1339
30
30
0
302
1352
35
35
1
195
1380
39
39
0
1384
1391
30
30
0
459
1411
55
55
0
440
1418
31
31
0
1195
1434
67
67
1
213
1463
43
43
0
1920
1482
43
43
1
231
1535
39
39
1
871
1560
35
35
1
619
1592
47
47
0
875
1631
31
31
1
354
1625
63
63
1
982
1664
31
31
0
1162
1678
35
35
0
642
1707
30
30
1
869
1738
31
31
0
381
1756
30
30
0
24
1786
35
35
1
264
1782
47
47
1
399
1817
47
47
1
49
1818
55
55
0
336
1839
31
31
0
257
1851
30
30
0
228
1920
67
67
0
192
1930
63
63
0
1805
1935
43
43
0
153
1936
67
67
0
1082
1987
30
30
0
1662
1975
75
75
0
1698
2016
31
31
0
1921
2011
39
39
0
1473
2019
30
30
0
808
2020
30
30
