99
0
380
0
67
67
0
327
159
30
30
0
55
174
30
30
0
338
185
95
95
0
92
266
30
30
0
102
435
75
75
0
162
533
35
35
0
140
535
35
35
0
46
636
31
31
0
78
639
31
31
0
107
639
31
31
0
62
669
35
35
0
92
673
30
30
0
1929
743
43
43
0
1966
781
39
39
0
2027
781
47
47
0
2076
774
71
71
0
2033
791
30
30
0
2092
791
39
39
0
1958
820
59
59
1
193
831
31
31
0
1969
834
30
30
0
2077
830
59
59
0
2028
836
35
35
0
0
845
55
55
0
2089
842
35
35
0
134
847
35
35
1
271
862
39
39
1
607
870
47
47
0
685
852
107
107
0
1960
875
43
43
1
452
880
39
39
0
2025
885
35
35
0
2086
891
35
35
0
678
902
30
30
0
1014
912
31
31
0
762
925
31
31
0
0
926
91
91
1
1076
929
43
43
0
448
971
47
47
1
633
1000
35
35
1
1691
1003
39
39
0
967
1007
31
31
0
577
1015
63
63
1
238
1065
31
31
0
1900
1062
30
30
1
2332
1055
75
75
1
401
1095
31
31
0
2222
1093
51
51
1
390
1117
30
30
0
1672
1120
30
30
1
464
1128
35
35
0
1805
1112
87
87
1
2128
1143
71
71
0
1773
1171
35
35
0
1649
1184
59
59
0
2191
1189
55
55
0
1804
1201
67
67
0
1052
1224
31
31
1
718
1234
39
39
0
209
1257
47
47
0
2155
1324
35
35
0
2198
1332
30
30
0
1017
1348
30
30
0
958
1357
83
83
0
2154
1389
59
59
1
464
1406
39
39
0
1323
1441
31
31
0
1672
1444
31
31
1
641
1448
39
39
0
1599
1461
30
30
0
1095
1518
63
63
0
1807
1530
43
43
0
1570
1539
31
31
0
820
1582
59
59
0
455
1627
35
35
0
1217
1625
39
39
1
979
1639
35
35
0
1286
1646
59
59
0
1228
1649
30
30
1
900
1670
35
35
1
1140
1676
39
39
0
1291
1681
43
43
1
1623
1718
30
30
0
1619
1729
79
79
0
1705
1760
47
47
0
2130
1778
31
31
0
1805
1780
59
59
0
751
1849
71
71
0
1776
1888
30
30
0
1854
1909
30
30
0
990
1912
71
71
0
2137
1963
30
30
0
2090
1966
31
31
0
1331
1963
55
55
0
1856
1968
79
79
0
1909
1987
63
63
0
60
1959
91
91
0
1949
1995
55
55
