81
0
0
13
39
39
0
551
42
39
39
0
149
35
87
87
0
507
49
39
39
0
220
238
30
30
0
660
286
39
39
0
0
299
59
59
0
444
365
51
51
0
338
407
67
67
0
467
458
39
39
0
429
456
51
51
0
577
496
30
30
0
650
509
30
30
0
552
509
75
75
0
636
606
31
31
0
671
609
30
30
0
707
612
30
30
0
643
632
55
55
0
682
645
30
30
0
717
649
30
30
0
655
675
39
39
0
693
684
30
30
0
728
684
31
31
0
1510
736
30
30
1
757
800
43
43
0
502
813
63
63
0
690
819
39
39
0
762
823
31
31
1
845
837
39
39
1
1237
847
47
47
1
1055
858
35
35
0
1335
841
99
99
0
1315
879
39
39
0
1407
901
31
31
0
1609
892
59
59
0
1576
906
31
31
0
1029
946
51
51
0
1098
970
31
31
1
1227
967
55
55
1
2405
978
43
43
1
753
1042
39
39
1
831
1082
30
30
1
1107
1090
35
35
1
1010
1108
31
31
0
844
1122
35
35
1
782
1127
30
30
0
2203
1160
31
31
0
2341
1172
30
30
1
806
1199
30
30
0
2247
1208
35
35
1
1267
1201
55
55
0
1033
1215
43
43
0
664
1232
55
55
1
828
1264
31
31
0
1172
1275
39
39
0
1732
1326
31
31
0
1651
1335
71
71
1
932
1385
43
43
0
1698
1408
35
35
0
1911
1414
31
31
1
1128
1426
43
43
0
2211
1436
30
30
0
2146
1442
51
51
0
911
1460
75
75
1
1327
1457
67
67
0
2393
1467
31
31
0
72
1482
30
30
0
2302
1486
35
35
0
2199
1510
39
39
0
2203
1508
59
59
0
1308
1552
79
79
0
1825
1626
43
43
1
1639
1649
43
43
0
1955
1687
30
30
1
2303
1712
39
39
0
1726
1717
79
79
0
2358
1747
67
67
0
1223
1836
39
39
1
2233
1838
35
35
0
2310
1863
31
31
0
2388
1882
30
30
