82
0
0
13
39
39
0
553
42
39
39
0
219
240
30
30
0
0
297
63
63
0
625
313
47
47
0
448
369
43
43
0
338
404
71
71
0
635
448
67
67
0
650
509
30
30
0
636
606
31
31
0
671
609
30
30
0
707
612
30
30
0
640
621
79
79
0
682
645
30
30
0
717
649
30
30
0
656
676
35
35
0
725
682
35
35
0
693
682
30
30
1
757
798
47
47
0
502
813
67
67
0
1125
823
67
67
1
845
837
39
39
1
1241
851
43
43
1
1051
858
43
43
0
1322
881
31
31
1
1752
893
63
63
0
1718
918
43
43
0
1033
950
43
43
0
1388
956
43
43
0
1164
959
30
30
0
1098
970
31
31
1
1227
967
55
55
1
2389
973
59
59
1
759
1040
31
31
1
936
1072
35
35
1
831
1080
31
31
1
916
1095
31
31
1
1105
1094
39
39
0
2379
1098
30
30
1
1010
1108
31
31
0
816
1117
67
67
0
2266
1120
30
30
0
929
1131
39
39
0
2194
1139
59
59
0
2339
1173
30
30
0
840
1187
67
67
0
1779
1197
47
47
0
2250
1208
31
31
0
924
1204
83
83
1
1271
1207
47
47
0
1036
1217
39
39
0
661
1228
59
59
1
829
1264
31
31
0
864
1260
71
71
0
890
1264
31
31
0
1732
1326
31
31
1
932
1385
43
43
0
1902
1411
39
39
1
1128
1428
39
39
0
2211
1436
30
30
0
2147
1452
39
39
0
911
1460
75
75
0
2389
1465
35
35
1
1336
1469
43
43
0
2302
1483
39
39
0
2185
1501
71
71
0
2203
1511
35
35
0
1106
1510
71
71
0
1346
1537
30
30
0
1301
1541
91
91
0
1424
1664
30
30
1
2303
1712
39
39
0
1726
1715
83
83
0
2233
1728
35
35
0
2358
1750
67
67
0
2254
1778
39
39
1
2377
1814
31
31
0
1190
1820
30
30
1
2230
1833
39
39
0
530
1841
79
79
0
2310
1863
31
31
0
2388
1882
30
30
