91
0
553
45
35
35
0
608
232
35
35
0
660
286
39
39
0
0
297
63
63
0
623
313
51
51
0
448
369
43
43
0
338
405
71
71
0
467
457
43
43
0
577
496
30
30
0
650
509
30
30
0
557
531
31
31
0
636
606
31
31
0
671
609
30
30
0
707
612
31
31
0
647
644
30
30
0
682
645
31
31
0
717
649
30
30
0
656
676
35
35
0
691
682
31
31
0
728
684
31
31
0
652
798
51
51
1
757
803
47
47
0
506
813
63
63
0
694
822
35
35
0
1107
812
87
87
1
843
837
39
39
1
1241
851
43
43
1
1055
859
39
39
1
1238
866
43
43
0
678
869
43
43
0
1322
881
31
31
0
1405
889
39
39
0
1337
921
83
83
0
1667
930
35
35
0
1033
950
43
43
0
1164
959
30
30
0
1098
970
31
31
1
1227
967
55
55
1
2389
973
59
59
0
1872
1034
35
35
1
753
1042
39
39
1
937
1070
35
35
1
828
1080
30
30
1
917
1093
35
35
1
1105
1094
39
39
0
2377
1095
31
31
1
1008
1107
35
35
0
2266
1120
30
30
0
844
1121
35
35
1
782
1126
30
30
0
1753
1122
35
35
0
2202
1154
39
39
0
2339
1173
30
30
0
865
1188
39
39
0
1772
1200
55
55
0
2250
1208
31
31
1
1271
1207
47
47
0
665
1234
51
51
1
826
1263
35
35
0
857
1253
83
83
0
890
1264
31
31
0
1172
1275
39
39
0
968
1270
43
43
0
1732
1326
31
31
0
1775
1384
51
51
1
932
1385
43
43
0
1704
1410
30
30
0
1909
1414
31
31
0
2281
1407
47
47
1
1132
1428
35
35
0
2211
1436
30
30
0
2149
1448
51
51
0
912
1456
83
83
0
2393
1467
31
31
0
2304
1486
35
35
0
2199
1510
39
39
0
1712
1505
47
47
0
2205
1512
55
55
0
2366
1523
39
39
0
1112
1524
30
30
0
1323
1570
30
30
0
922
1627
35
35
1
1642
1653
39
39
0
1424
1663
30
30
0
1648
1706
30
30
0
1619
1709
30
30
1
2301
1718
43
43
0
2358
1751
63
63
0
2254
1778
39
39
0
1190
1820
30
30
0
2379
1951
67
67
