71
0
0
16
35
35
0
553
42
39
39
0
0
299
63
63
0
448
369
43
43
0
342
408
63
63
0
412
442
87
87
0
650
509
30
30
0
636
606
31
31
0
671
609
30
30
0
707
612
31
31
0
682
645
30
30
0
717
649
30
30
0
657
679
35
35
0
725
682
35
35
0
691
682
30
30
0
1510
736
30
30
1
757
806
43
43
0
506
813
63
63
0
690
819
39
39
0
1118
816
75
75
1
845
837
39
39
1
1241
851
43
43
1
1053
862
39
39
0
1355
861
59
59
0
1322
880
31
31
0
1407
899
35
35
0
1666
921
43
43
0
1031
930
87
87
1
1228
966
51
51
1
2393
976
55
55
1
759
1040
31
31
0
2379
1097
30
30
1
1013
1111
30
30
1
782
1126
30
30
0
1753
1122
35
35
0
903
1135
83
83
0
2193
1137
63
63
0
2339
1173
30
30
0
2370
1176
30
30
0
1778
1201
43
43
0
2250
1210
30
30
1
1271
1207
47
47
0
1036
1215
43
43
0
664
1230
55
55
1
828
1264
31
31
0
887
1260
35
35
0
1732
1326
31
31
0
1651
1327
67
67
0
1765
1381
63
63
0
1914
1413
39
39
1
1327
1455
67
67
0
2393
1467
31
31
0
921
1478
55
55
0
2199
1510
39
39
0
2376
1533
31
31
1
1156
1540
39
39
0
1306
1542
83
83
0
1152
1567
39
39
1
1639
1649
43
43
0
1648
1700
39
39
0
1448
1702
47
47
0
1619
1709
30
30
1
2303
1712
39
39
0
1726
1717
79
79
0
2358
1752
63
63
0
2254
1778
39
39
1
2368
1802
55
55
0
1219
1837
47
47
0
2310
1862
31
31
0
2388
1882
30
30
0
1645
1902
39
39
