109
0
377
0
67
67
0
15
81
30
30
0
0
98
79
79
0
0
142
67
67
0
53
174
31
31
0
0
170
71
71
0
92
268
30
30
0
141
537
31
31
0
506
540
47
47
0
47
636
31
31
0
75
634
39
39
0
106
639
35
35
0
62
669
35
35
0
93
673
35
35
0
123
676
35
35
0
828
742
43
43
0
1929
745
43
43
0
1962
775
51
51
0
1972
785
30
30
0
2031
787
35
35
0
2087
785
51
51
0
1959
824
51
51
0
1969
834
30
30
0
2028
836
35
35
0
0
841
63
63
0
2089
842
35
35
1
270
862
39
39
1
607
870
47
47
0
1956
871
51
51
0
2017
874
55
55
0
1967
881
31
31
1
455
882
35
35
0
2025
885
35
35
0
2086
891
35
35
0
710
888
51
51
0
679
901
31
31
0
936
920
55
55
0
0
923
91
91
0
762
925
31
31
1
1076
929
43
43
0
447
967
55
55
1
626
991
55
55
1
1683
991
59
59
0
1271
1021
47
47
0
1893
1057
43
43
1
238
1066
35
35
0
2098
1069
63
63
1
2336
1062
71
71
1
400
1090
35
35
0
2225
1096
55
55
1
310
1103
30
30
0
391
1111
39
39
0
1674
1118
31
31
1
464
1125
39
39
1
2135
1150
59
59
0
1768
1171
35
35
0
1526
1180
35
35
0
1651
1195
30
30
0
1267
1210
31
31
0
1820
1223
35
35
1
709
1217
63
63
0
505
1237
51
51
0
436
1245
43
43
0
209
1256
47
47
0
508
1250
79
79
0
2171
1267
67
67
0
547
1331
39
39
0
2198
1334
31
31
0
1015
1347
35
35
0
968
1363
47
47
0
1172
1386
79
79
0
2157
1392
59
59
0
1277
1401
30
30
1
464
1406
39
39
0
1141
1436
30
30
0
1318
1438
35
35
0
1672
1443
30
30
1
641
1448
39
39
0
1597
1462
30
30
0
1291
1466
30
30
0
1551
1485
30
30
0
1690
1490
30
30
0
1770
1493
31
31
0
1815
1532
35
35
0
1101
1525
59
59
0
1573
1541
30
30
0
1695
1545
31
31
1
686
1557
47
47
0
823
1582
59
59
0
1212
1607
55
55
0
500
1627
35
35
1
979
1639
35
35
0
1291
1651
43
43
0
1228
1649
30
30
1
902
1669
35
35
0
1194
1669
47
47
1
1144
1679
35
35
0
1450
1721
59
59
0
1180
1735
79
79
0
2130
1776
30
30
0
1808
1781
55
55
0
1077
1851
55
55
0
1854
1909
30
30
0
990
1914
71
71
0
2090
1967
31
31
0
2225
1972
43
43
0
784
1966
79
79
0
1909
1987
63
63
0
1949
1995
55
55
