111
0
377
0
67
67
0
0
95
83
83
0
0
142
67
67
0
53
176
30
30
0
328
201
39
39
0
317
248
51
51
0
95
264
31
31
0
147
334
51
51
0
141
537
30
30
0
506
538
47
47
0
45
620
67
67
0
106
639
35
35
0
66
673
31
31
0
93
673
35
35
0
123
676
35
35
0
81
707
31
31
0
111
710
31
31
0
140
712
35
35
0
828
743
43
43
0
1962
773
51
51
0
2019
775
59
59
0
1972
785
30
30
0
2031
787
35
35
0
2091
789
43
43
0
1966
828
39
39
1
193
832
31
31
0
2077
830
59
59
0
2028
836
35
35
0
0
841
63
63
0
2089
842
35
35
1
272
862
35
35
1
610
874
43
43
0
1967
881
31
31
0
2074
879
59
59
0
2025
885
35
35
0
2086
891
35
35
0
711
890
47
47
0
679
901
31
31
0
1014
913
30
30
0
900
923
39
39
0
939
920
55
55
0
755
921
39
39
1
1075
925
47
47
1
1072
943
47
47
0
990
949
39
39
0
501
980
75
75
0
442
983
47
47
0
562
986
35
35
1
625
992
51
51
1
1679
989
63
63
0
1271
1021
47
47
0
1893
1057
43
43
1
238
1068
31
31
0
2095
1067
67
67
1
2340
1067
63
63
1
401
1095
31
31
1
309
1103
30
30
0
2234
1100
31
31
1
388
1118
31
31
1
549
1113
47
47
0
1674
1120
30
30
1
467
1125
39
39
0
1574
1141
35
35
1
2135
1148
63
63
0
1768
1171
39
39
0
1525
1174
47
47
0
1645
1182
63
63
0
1265
1212
31
31
0
1805
1205
59
59
0
370
1219
31
31
0
1085
1231
39
39
1
718
1234
39
39
0
516
1238
43
43
0
209
1256
47
47
0
365
1254
30
30
0
375
1281
63
63
0
1019
1351
31
31
0
979
1372
31
31
0
1174
1386
79
79
0
1277
1401
30
30
1
464
1406
39
39
0
1306
1424
63
63
0
1670
1438
35
35
1
641
1446
43
43
0
1291
1466
30
30
0
1770
1493
31
31
0
1101
1520
63
63
0
1816
1533
39
39
0
1570
1539
31
31
1
690
1559
39
39
1
555
1583
30
30
0
822
1585
55
55
1
979
1639
35
35
0
1292
1650
51
51
0
1228
1649
30
30
1
898
1665
39
39
1
1144
1678
35
35
0
1296
1689
31
31
0
1429
1715
30
30
1
1623
1716
30
30
0
2102
1724
55
55
0
1181
1738
83
83
0
2130
1776
30
30
0
1808
1782
55
55
0
2082
1830
31
31
0
1073
1849
63
63
1
1710
1866
31
31
0
1853
1909
30
30
0
694
1944
63
63
0
2090
1966
31
31
0
783
1963
87
87
