107
0
380
0
67
67
0
15
79
31
31
0
0
95
83
83
0
313
107
47
47
0
92
266
31
31
0
607
347
30
30
0
141
537
30
30
0
506
538
47
47
0
47
636
31
31
0
78
639
31
31
0
108
639
35
35
0
66
673
31
31
0
93
673
35
35
0
123
676
35
35
0
81
707
31
31
0
111
710
31
31
0
142
713
31
31
0
828
742
43
43
0
1970
783
35
35
0
2087
784
51
51
0
2031
787
35
35
0
2095
793
35
35
0
1959
824
51
51
1
188
831
43
43
0
1970
834
31
31
0
2028
836
35
35
0
0
841
63
63
0
2089
842
35
35
1
270
862
39
39
1
605
876
51
51
0
1967
881
31
31
0
2025
885
35
35
0
2086
891
35
35
0
681
902
30
30
0
1016
913
30
30
0
762
927
31
31
0
907
932
30
30
1
1075
927
47
47
0
990
949
39
39
0
505
980
71
71
0
559
983
39
39
1
1683
993
59
59
0
1893
1057
43
43
1
240
1068
31
31
0
579
1048
99
99
1
2340
1067
63
63
0
390
1093
47
47
0
1657
1099
55
55
1
310
1103
30
30
0
2230
1098
35
35
1
550
1118
35
35
0
1566
1130
47
47
0
1652
1138
87
87
1
2131
1146
67
67
0
1518
1166
51
51
0
1768
1173
30
30
0
1637
1155
107
107
0
1651
1195
30
30
0
1817
1212
51
51
0
367
1217
35
35
1
718
1234
39
39
0
495
1240
87
87
0
209
1256
47
47
0
1768
1262
30
30
0
1007
1329
51
51
0
2159
1328
30
30
0
2198
1334
31
31
0
979
1372
31
31
0
2153
1386
67
67
0
1277
1401
30
30
1
464
1408
39
39
0
1672
1443
30
30
1
642
1450
35
35
0
1597
1461
30
30
0
1548
1480
35
35
0
1768
1490
35
35
0
452
1499
59
59
0
1094
1518
67
67
0
1810
1532
39
39
0
1573
1541
30
30
0
1695
1545
35
35
0
468
1556
31
31
1
682
1561
55
55
0
821
1582
59
59
1
982
1641
31
31
0
1228
1649
30
30
1
902
1667
31
31
1
1144
1678
35
35
0
1296
1689
31
31
0
978
1683
39
39
0
1429
1715
30
30
1
1623
1718
30
30
0
1158
1729
30
30
0
2130
1776
30
30
0
1808
1781
55
55
1
1827
1837
51
51
0
1077
1851
55
55
1
1706
1864
39
39
0
1779
1889
30
30
0
212
1906
31
31
0
1853
1909
30
30
0
755
1925
63
63
0
1329
1950
71
71
1
2168
1974
39
39
0
1949
1995
55
55
0
1392
1994
35
35
0
662
1979
71
71
