83
0
0
16
35
35
0
553
42
39
39
0
0
228
30
30
0
474
231
43
43
0
219
238
30
30
0
0
295
67
67
0
625
313
47
47
0
444
365
51
51
0
342
409
63
63
0
526
473
31
31
0
576
497
47
47
0
650
509
30
30
0
553
518
59
59
0
636
607
30
30
0
671
609
30
30
0
707
612
30
30
0
647
642
30
30
0
682
645
30
30
0
717
649
30
30
0
655
675
39
39
0
693
682
30
30
0
728
684
31
31
0
1511
736
30
30
0
650
794
43
43
1
757
800
43
43
0
502
813
67
67
0
690
817
39
39
0
1110
807
87
87
1
845
837
39
39
1
1233
843
55
55
1
1053
858
43
43
0
1322
880
31
31
0
1407
899
35
35
1
1753
901
59
59
0
1565
903
43
43
0
1027
929
91
91
0
1055
948
59
59
0
1391
954
39
39
1
1228
966
51
51
1
2389
973
59
59
1
759
1040
31
31
1
935
1070
39
39
1
831
1080
31
31
0
2363
1090
47
47
1
918
1094
31
31
1
1107
1098
35
35
1
1010
1106
31
31
0
2264
1120
30
30
1
782
1126
30
30
0
922
1125
51
51
0
2190
1137
63
63
0
990
1144
71
71
0
861
1184
43
43
0
834
1183
91
91
0
920
1200
87
87
1
1271
1207
47
47
0
664
1230
55
55
1
828
1264
31
31
0
857
1254
83
83
0
945
1271
87
87
0
1732
1326
31
31
0
973
1339
55
55
0
1768
1381
59
59
1
932
1385
43
43
0
1895
1407
47
47
0
2181
1420
63
63
0
2145
1446
43
43
0
2391
1466
31
31
1
1336
1469
43
43
0
921
1478
55
55
0
2302
1483
39
39
0
1097
1499
83
83
0
2201
1510
39
39
0
1306
1554
83
83
1
2175
1687
31
31
0
1649
1706
31
31
1
2303
1711
39
39
0
2358
1750
67
67
0
2253
1782
30
30
1
2368
1804
55
55
1
2237
1842
31
31
0
2312
1862
30
30
0
2388
1882
30
30
