91
0
863
63
30
30
0
1305
299
39
39
0
1135
338
30
30
0
1152
358
30
30
0
2400
679
35
35
0
712
737
35
35
0
654
739
39
39
0
592
743
43
43
0
712
782
39
39
0
658
792
31
31
0
599
793
35
35
0
712
828
39
39
0
2381
831
67
67
0
657
834
39
39
0
599
839
39
39
1
2028
845
51
51
0
2150
857
51
51
0
1691
884
43
43
1
1558
894
51
51
0
1900
898
30
30
0
1882
944
39
39
1
1340
947
43
43
1
954
946
63
63
1
1348
947
30
30
1
1072
971
47
47
1
1673
975
39
39
1
1080
976
31
31
0
1866
985
83
83
1
336
1008
59
59
1
1523
1031
35
35
0
2418
1074
30
30
0
325
1130
47
47
0
2364
1151
67
67
0
1857
1156
35
35
0
423
1152
71
71
0
215
1168
75
75
0
1847
1161
67
67
1
1296
1204
39
39
0
358
1225
30
30
1
1085
1230
43
43
0
167
1226
67
67
1
1161
1248
43
43
1
834
1266
39
39
1
1048
1266
39
39
1
1438
1265
59
59
1
928
1285
35
35
1
1450
1278
35
35
0
1166
1299
31
31
0
379
1310
55
55
0
1046
1314
43
43
0
2260
1330
39
39
0
1120
1343
31
31
1
832
1363
35
35
0
1158
1375
30
30
0
1522
1404
35
35
0
915
1434
51
51
1
828
1440
43
43
0
1152
1449
67
67
0
1040
1467
31
31
0
1728
1474
39
39
0
485
1482
43
43
1
829
1517
35
35
0
1749
1530
43
43
0
1706
1532
39
39
1
1407
1537
35
35
0
250
1555
39
39
1
1174
1578
35
35
0
0
1595
39
39
0
308
1603
35
35
0
1400
1605
30
30
1
1639
1603
43
43
1
917
1604
63
63
0
1678
1628
30
30
0
1396
1630
63
63
1
1717
1628
55
55
0
834
1692
30
30
1
1360
1716
30
30
0
950
1738
31
31
0
568
1756
63
63
1
800
1769
43
43
1
919
1795
43
43
1
594
1797
51
51
0
0
1814
35
35
0
812
1811
47
47
0
857
1822
31
31
0
786
1830
31
31
0
0
1836
55
55
0
0
1873
51
51
1
478
1878
47
47
0
740
1904
47
47
0
694
1909
63
63
