104
0
377
0
67
67
0
15
81
30
30
0
0
94
87
87
0
0
142
67
67
0
53
171
35
35
0
328
201
39
39
0
141
537
30
30
0
506
538
47
47
0
47
636
31
31
0
62
669
35
35
0
81
707
31
31
0
111
710
31
31
0
142
713
31
31
0
832
747
35
35
0
1962
775
51
51
0
2019
775
59
59
0
1970
781
35
35
0
2031
787
35
35
0
2087
785
51
51
0
1958
822
55
55
1
190
831
43
43
0
1970
834
31
31
0
2028
836
35
35
0
2081
834
55
55
0
0
841
63
63
0
2089
842
35
35
1
272
862
35
35
0
1948
867
63
63
0
2017
876
51
51
1
614
879
35
35
0
1967
881
31
31
0
2026
886
31
31
0
2086
891
35
35
0
711
890
47
47
0
679
904
31
31
0
939
920
55
55
0
762
925
31
31
0
0
928
103
103
0
990
945
43
43
0
446
989
39
39
1
607
980
75
75
0
511
995
55
55
1
1683
989
59
59
0
966
1003
35
35
1
236
1064
39
39
0
1893
1056
43
43
1
2332
1054
79
79
1
400
1090
35
35
1
309
1103
30
30
0
2222
1094
51
51
1
387
1109
43
43
0
1674
1118
31
31
0
1563
1122
63
63
1
473
1130
30
30
0
406
1159
39
39
1
2131
1146
67
67
0
1768
1171
35
35
0
1528
1173
43
43
0
2197
1202
31
31
0
1804
1203
63
63
0
1085
1230
43
43
1
718
1234
39
39
0
516
1238
39
39
0
209
1256
47
47
0
1017
1348
30
30
0
958
1355
83
83
0
2150
1385
67
67
0
1277
1401
30
30
1
464
1406
39
39
1
637
1441
55
55
0
1572
1448
59
59
0
1717
1466
51
51
0
1554
1484
31
31
0
1772
1495
30
30
0
445
1502
31
31
0
1095
1520
63
63
0
1803
1526
47
47
0
1573
1541
30
30
0
633
1541
63
63
0
1695
1545
31
31
0
821
1582
59
59
1
978
1637
39
39
0
1292
1650
51
51
0
1228
1649
30
30
1
902
1667
35
35
1
1144
1678
35
35
0
1297
1686
31
31
1
1622
1716
31
31
0
1619
1730
75
75
0
1185
1742
75
75
0
1808
1782
55
55
0
749
1849
75
75
0
1077
1851
55
55
0
1779
1888
30
30
0
212
1903
30
30
0
1853
1909
30
30
0
990
1914
71
71
0
694
1946
59
59
0
2139
1963
30
30
0
2086
1964
35
35
0
1868
1975
71
71
0
1903
1975
75
75
0
990
1993
30
30
0
1949
1995
55
55
