100
0
380
0
67
67
0
17
78
30
30
0
0
94
87
87
0
53
171
35
35
0
328
201
39
39
0
104
439
71
71
0
606
482
39
39
0
33
485
31
31
0
141
537
30
30
0
506
538
47
47
0
47
636
31
31
0
76
636
35
35
0
106
639
35
35
0
62
669
35
35
0
93
673
35
35
0
123
676
35
35
0
144
713
31
31
0
828
743
43
43
0
1933
751
35
35
0
1962
775
51
51
0
1972
785
30
30
0
2031
787
35
35
0
2091
788
43
43
0
1962
826
47
47
0
1969
834
30
30
0
2077
830
59
59
0
2028
836
35
35
0
0
841
63
63
0
2089
842
35
35
1
270
862
39
39
0
1956
870
51
51
1
610
874
43
43
0
1967
881
31
31
0
2025
885
35
35
0
2086
891
35
35
0
679
902
31
31
0
758
923
35
35
1
1075
927
47
47
0
1889
935
30
30
0
442
983
47
47
0
569
987
30
30
1
607
986
75
75
0
511
995
55
55
1
1683
993
59
59
0
966
1001
39
39
0
1271
1021
47
47
0
1893
1057
43
43
1
238
1068
31
31
0
2095
1067
67
67
1
399
1095
35
35
1
549
1119
35
35
1
388
1120
31
31
0
1674
1120
30
30
1
470
1130
30
30
1
2135
1150
63
63
0
1768
1171
35
35
0
1525
1174
47
47
0
343
1217
63
63
0
1820
1223
35
35
1
718
1234
39
39
0
516
1238
39
39
0
209
1254
51
51
0
379
1284
55
55
0
474
1297
35
35
0
529
1315
59
59
0
2198
1332
30
30
0
1174
1386
79
79
0
1269
1396
39
39
0
2153
1386
67
67
1
464
1406
39
39
0
1325
1440
30
30
0
1672
1443
30
30
1
641
1448
39
39
0
1575
1450
59
59
0
1554
1482
30
30
0
1770
1493
31
31
0
454
1499
59
59
0
1671
1511
83
83
0
1807
1530
43
43
0
1573
1539
31
31
1
687
1559
43
43
0
1770
1560
30
30
0
823
1582
59
59
1
555
1583
30
30
1
978
1637
39
39
0
1228
1649
30
30
1
902
1670
35
35
1
1144
1679
35
35
0
1296
1687
30
30
0
982
1685
35
35
1
1746
1743
39
39
0
2130
1776
30
30
0
1812
1786
55
55
0
1077
1851
55
55
1
2034
1870
63
63
0
1854
1909
30
30
0
990
1914
71
71
0
2139
1963
30
30
0
2090
1966
31
31
0
822
1987
63
63
