85
0
276
42
35
35
0
185
202
30
30
0
341
240
30
30
0
0
271
63
63
0
0
326
39
39
0
195
374
51
51
0
91
420
59
59
0
376
457
71
71
0
374
488
79
79
0
366
619
39
39
0
408
626
30
30
0
447
627
31
31
0
385
661
31
31
0
422
664
30
30
0
397
695
35
35
0
434
701
31
31
0
471
702
31
31
1
501
818
51
51
0
393
815
47
47
0
875
826
83
83
0
253
846
47
47
0
440
841
35
35
1
595
852
43
43
1
996
858
43
43
1
812
875
30
30
0
407
880
55
55
1
1511
899
59
59
0
1477
920
35
35
0
786
943
87
87
0
810
955
63
63
1
991
975
55
55
0
2374
1013
31
31
1
513
1067
35
35
0
2123
1075
30
30
0
2016
1100
30
30
1
592
1104
31
31
0
1519
1120
30
30
1
770
1124
35
35
0
1946
1121
59
59
0
2212
1126
30
30
1
547
1148
35
35
0
688
1153
35
35
0
2239
1152
67
67
0
1485
1188
47
47
0
2004
1192
30
30
0
1539
1194
47
47
0
2191
1210
43
43
1
1045
1219
43
43
0
440
1271
35
35
1
598
1291
31
31
0
732
1286
51
51
0
1422
1328
67
67
0
1427
1365
43
43
0
791
1375
30
30
0
1677
1391
51
51
0
1482
1407
30
30
1
712
1411
39
39
0
2142
1431
39
39
1
914
1447
35
35
0
2190
1474
35
35
1
1121
1478
43
43
0
1969
1490
31
31
0
690
1500
79
79
0
884
1521
83
83
0
719
1579
31
31
0
2049
1585
55
55
1
780
1585
31
31
1
1249
1620
47
47
1
1949
1663
31
31
1
2078
1681
31
31
0
2023
1698
55
55
0
2007
1698
35
35
0
1440
1703
30
30
0
1515
1713
75
75
0
2125
1711
67
67
1
2009
1801
39
39
0
2098
1788
87
87
0
2080
1829
39
39
0
2160
1839
30
30
0
1037
1861
107
107
0
2396
1882
31
31
0
2192
1912
63
63
0
2228
1917
67
67
0
900
1975
75
75
0
18
2019
30
30
