103
0
17
79
31
31
0
0
98
79
79
0
313
105
51
51
0
53
174
31
31
0
92
268
30
30
0
141
537
31
31
0
506
538
47
47
0
47
636
31
31
0
74
636
35
35
0
108
639
35
35
0
62
669
35
35
0
95
673
31
31
0
123
676
35
35
0
81
707
31
31
0
111
710
31
31
0
142
713
31
31
0
2182
734
30
30
0
1962
775
51
51
0
1972
785
30
30
0
2084
782
55
55
0
2031
787
35
35
0
2095
793
35
35
1
192
829
35
35
0
1967
830
35
35
0
0
837
67
67
0
2028
836
35
35
0
2089
842
35
35
1
272
865
35
35
1
597
871
63
63
0
1956
871
51
51
1
452
883
39
39
0
1967
881
31
31
0
2025
885
35
35
0
2086
891
35
35
0
707
888
51
51
0
679
902
31
31
0
759
925
31
31
0
907
930
30
30
0
1891
935
31
31
0
448
971
47
47
0
1927
981
39
39
1
1675
983
71
71
1
629
998
39
39
0
1271
1021
47
47
0
1893
1057
43
43
1
238
1068
31
31
0
2092
1076
67
67
0
387
1092
55
55
0
2226
1096
47
47
0
1672
1116
35
35
0
1564
1130
51
51
1
2131
1146
67
67
0
1514
1160
63
63
0
406
1165
35
35
0
1770
1175
30
30
0
2188
1187
55
55
0
1267
1210
31
31
0
1814
1213
47
47
0
437
1237
51
51
1
718
1234
39
39
0
209
1254
51
51
0
509
1251
75
75
0
1679
1290
67
67
0
529
1317
59
59
0
555
1319
30
30
0
2195
1330
35
35
0
968
1365
43
43
0
982
1370
35
35
0
2153
1386
67
67
0
1281
1401
35
35
1
464
1408
39
39
0
1318
1439
35
35
1
641
1448
39
39
0
1599
1461
30
30
0
1761
1492
39
39
0
456
1496
55
55
0
690
1518
43
43
0
1807
1528
43
43
0
1101
1525
59
59
0
1573
1539
31
31
0
631
1538
63
63
0
1695
1545
35
35
0
470
1556
30
30
1
690
1561
39
39
0
817
1578
67
67
1
554
1582
31
31
1
979
1639
35
35
0
1291
1650
47
47
0
1228
1649
30
30
1
902
1669
35
35
1
1144
1678
35
35
0
1296
1687
30
30
1
1622
1716
31
31
0
1649
1745
47
47
0
1809
1784
51
51
0
747
1845
79
79
0
1077
1851
55
55
1
1703
1859
43
43
0
1854
1909
30
30
0
2090
1966
31
31
0
2226
1973
47
47
0
1945
1987
63
63
0
662
1979
71
71
