82
0
0
14
39
39
0
551
42
39
39
0
98
185
31
31
0
660
286
39
39
0
0
301
63
63
0
625
313
47
47
0
444
365
51
51
0
342
408
63
63
0
467
457
43
43
0
649
509
30
30
0
636
606
31
31
0
671
609
30
30
0
707
612
30
30
0
647
644
30
30
0
682
645
30
30
0
717
649
30
30
0
655
675
39
39
0
691
682
30
30
0
728
684
31
31
0
1510
736
30
30
1
757
798
47
47
0
502
813
63
63
1
845
837
39
39
1
1237
847
51
51
1
1053
862
39
39
0
1403
886
43
43
0
1033
950
43
43
0
1166
959
30
30
0
1098
970
31
31
1
1226
963
63
63
1
2393
976
55
55
1
754
1043
35
35
1
1105
1094
39
39
0
2376
1091
43
43
1
1010
1109
31
31
0
2264
1118
35
35
0
847
1121
31
31
1
783
1127
30
30
0
1753
1122
35
35
0
2194
1139
59
59
0
2339
1173
30
30
0
2368
1176
30
30
0
838
1185
87
87
0
865
1188
39
39
0
1733
1196
35
35
0
1776
1200
47
47
1
1264
1201
79
79
0
2250
1208
31
31
1
1274
1210
43
43
0
665
1234
51
51
1
828
1264
31
31
0
972
1272
35
35
0
1658
1331
59
59
0
970
1339
55
55
0
1769
1383
55
55
0
1697
1410
39
39
0
1914
1417
31
31
0
62
1442
47
47
0
2136
1448
51
51
0
939
1461
30
30
0
2391
1469
31
31
0
918
1482
30
30
0
2199
1510
39
39
0
1112
1524
30
30
0
1322
1566
39
39
0
1323
1570
30
30
0
1740
1601
39
39
0
1815
1609
63
63
1
1368
1646
31
31
0
1424
1663
30
30
0
1817
1669
31
31
0
1955
1689
30
30
0
1649
1706
31
31
0
1617
1709
30
30
1
2307
1716
35
35
0
1726
1715
83
83
0
2358
1751
63
63
1
2369
1804
51
51
0
1190
1820
30
30
1
2233
1838
35
35
0
2312
1862
30
30
0
2388
1882
30
30
