103
0
1301
295
47
47
0
1135
338
30
30
0
2130
663
103
103
0
654
739
39
39
0
716
740
31
31
0
596
747
35
35
0
712
782
39
39
0
658
792
31
31
0
599
793
35
35
0
712
828
39
39
0
2377
827
71
71
0
657
834
39
39
0
599
839
39
39
1
2026
845
51
51
1
2038
852
31
31
0
2152
857
51
51
0
1930
862
35
35
0
1883
880
43
43
0
1438
880
79
79
1
1565
892
43
43
0
1900
898
30
30
0
1662
914
35
35
1
1340
943
47
47
0
1883
955
30
30
1
962
953
47
47
1
1072
973
47
47
1
1672
973
43
43
1
1080
976
31
31
1
336
1008
59
59
1
1519
1027
43
43
0
2418
1074
30
30
0
516
1093
67
67
0
341
1143
30
30
0
2364
1153
63
63
0
1853
1154
39
39
0
448
1175
30
30
0
235
1195
31
31
0
485
1190
67
67
1
1294
1201
43
43
0
358
1225
30
30
1
1085
1230
43
43
1
1163
1247
43
43
0
190
1251
31
31
0
457
1265
30
30
1
1049
1269
35
35
1
838
1267
31
31
1
1446
1274
43
43
1
925
1284
39
39
0
1162
1297
35
35
0
1055
1313
31
31
0
1026
1325
31
31
0
2260
1330
39
39
1
832
1363
35
35
0
887
1377
31
31
0
1131
1365
63
63
0
1029
1392
47
47
0
1714
1400
79
79
1
831
1442
39
39
0
1165
1451
47
47
0
1138
1456
35
35
0
2191
1462
39
39
0
1040
1467
31
31
0
382
1475
30
30
0
1732
1478
31
31
0
945
1482
51
51
0
988
1483
35
35
0
487
1489
39
39
0
920
1488
39
39
1
828
1515
39
39
0
402
1512
43
43
0
544
1518
30
30
0
1749
1528
43
43
1
1402
1529
47
47
0
1706
1532
39
39
0
1055
1542
31
31
0
250
1556
39
39
0
500
1556
30
30
0
2020
1563
63
63
0
427
1574
30
30
1
1174
1576
39
39
0
2141
1585
39
39
0
312
1606
31
31
0
1404
1605
30
30
1
1635
1601
47
47
1
918
1608
59
59
0
1775
1615
63
63
0
1678
1628
30
30
0
1699
1611
99
99
0
1426
1641
30
30
1
1478
1643
31
31
0
1198
1687
30
30
0
385
1687
35
35
0
948
1738
31
31
1
504
1742
39
39
0
568
1754
63
63
1
803
1762
43
43
1
919
1791
47
47
0
857
1822
31
31
0
0
1840
51
51
0
0
1870
55
55
0
694
1909
63
63
0
660
1918
63
63
0
246
1967
43
43
