108
0
15
81
30
30
0
0
94
87
87
0
313
106
51
51
0
53
174
31
31
0
146
334
51
51
0
609
347
30
30
0
88
442
59
59
0
140
535
35
35
0
506
540
47
47
0
47
636
31
31
0
71
617
75
75
0
62
669
35
35
0
119
669
43
43
0
93
673
35
35
0
78
690
67
67
0
142
713
31
31
0
1898
708
47
47
0
1929
745
43
43
0
835
749
31
31
0
1958
768
59
59
0
2023
777
55
55
0
1972
785
30
30
0
2031
787
35
35
0
2095
793
35
35
0
1958
822
55
55
1
192
829
35
35
0
1969
834
30
30
0
2028
836
35
35
0
0
841
63
63
0
2089
842
35
35
0
504
842
63
63
1
268
862
39
39
0
1952
869
59
59
1
610
872
43
43
0
2013
873
59
59
0
1967
881
31
31
0
2026
886
31
31
1
614
891
39
39
0
2086
891
35
35
0
681
901
30
30
0
762
927
31
31
0
1889
935
30
30
0
559
981
39
39
0
442
983
47
47
1
624
990
55
55
0
513
998
51
51
1
1676
993
67
67
1
1687
997
47
47
0
1893
1057
43
43
1
240
1068
31
31
0
578
1057
83
83
1
2336
1064
67
67
1
400
1093
35
35
0
2226
1095
47
47
1
309
1103
30
30
0
2346
1104
35
35
0
1674
1117
31
31
1
387
1117
30
30
1
550
1119
35
35
0
1565
1138
43
43
0
396
1152
30
30
1
2131
1146
67
67
0
1518
1167
55
55
0
1768
1171
35
35
0
1645
1163
95
95
0
2191
1189
51
51
0
1267
1212
30
30
0
1820
1223
35
35
1
718
1234
39
39
0
508
1235
51
51
0
209
1256
47
47
0
462
1291
30
30
0
1668
1279
79
79
0
2172
1300
30
30
0
525
1305
95
95
0
2159
1328
31
31
0
2195
1330
35
35
0
965
1372
47
47
0
2157
1390
59
59
0
1279
1401
30
30
1
464
1408
39
39
0
1323
1440
30
30
1
641
1448
39
39
0
1579
1449
51
51
0
452
1499
59
59
0
442
1508
30
30
0
1807
1528
43
43
0
1569
1535
35
35
0
1101
1525
63
63
1
686
1557
47
47
1
555
1582
30
30
0
818
1585
59
59
1
979
1638
35
35
0
1291
1651
43
43
0
1228
1649
30
30
1
904
1669
30
30
1
1144
1678
35
35
0
1182
1742
75
75
0
1808
1784
55
55
1
1703
1860
43
43
1
2036
1882
43
43
0
2263
1876
67
67
0
1779
1888
30
30
0
214
1903
30
30
0
1853
1909
30
30
0
990
1914
71
71
0
2090
1966
31
31
0
823
1995
55
55
