96
0
380
0
67
67
0
17
79
31
31
0
0
94
87
87
0
314
109
43
43
0
0
142
67
67
0
327
159
30
30
0
53
176
30
30
0
147
334
51
51
0
141
537
30
30
0
506
538
47
47
0
47
636
31
31
0
75
634
39
39
0
106
639
35
35
0
62
669
35
35
0
93
673
35
35
0
123
676
35
35
0
365
679
30
30
0
140
712
35
35
0
713
713
31
31
0
828
743
43
43
0
1962
775
51
51
0
1972
785
30
30
0
2031
787
35
35
0
2092
790
39
39
0
1959
824
51
51
1
188
831
43
43
0
1969
834
30
30
0
2028
836
35
35
0
0
841
59
59
0
2089
842
35
35
1
270
862
39
39
1
610
875
43
43
0
1963
877
39
39
1
452
885
39
39
0
2025
885
35
35
0
2086
891
35
35
0
679
901
31
31
0
1029
902
103
103
0
758
923
35
35
0
990
949
39
39
0
448
971
47
47
1
625
992
51
51
1
1687
997
47
47
0
966
1003
35
35
0
1818
1019
51
51
0
1896
1058
39
39
1
238
1068
31
31
0
387
1092
55
55
0
2226
1096
47
47
0
1674
1120
30
30
1
2139
1152
59
59
0
1527
1184
31
31
0
1649
1184
59
59
0
1265
1213
30
30
0
367
1219
35
35
0
1820
1223
35
35
0
421
1229
63
63
1
718
1234
39
39
0
209
1256
47
47
0
376
1280
59
59
0
400
1288
35
35
0
474
1295
35
35
0
550
1315
35
35
0
526
1307
87
87
0
1019
1349
31
31
0
979
1372
31
31
0
1172
1386
83
83
1
456
1400
59
59
0
1326
1438
31
31
1
641
1448
39
39
0
1597
1461
30
30
0
1230
1519
67
67
0
1094
1516
71
71
0
1800
1526
51
51
0
1571
1539
31
31
0
843
1583
30
30
1
979
1641
35
35
0
1228
1649
30
30
1
902
1667
39
39
1
1144
1678
35
35
0
1294
1688
35
35
0
982
1685
35
35
0
1703
1757
51
51
1
1623
1758
30
30
0
1808
1782
55
55
0
2084
1830
31
31
1
1828
1833
43
43
0
751
1849
71
71
0
1077
1851
55
55
1
1710
1866
31
31
1
2036
1882
43
43
0
988
1910
75
75
0
1854
1909
30
30
0
1331
1958
59
59
0
2225
1974
51
51
0
1949
1995
55
55
