103
0
364
0
95
95
0
17
78
30
30
0
0
142
67
67
0
327
159
30
30
0
53
171
35
35
0
92
268
30
30
0
33
485
31
31
0
141
537
31
31
0
506
538
47
47
0
47
636
31
31
0
76
636
35
35
0
106
639
35
35
0
62
669
35
35
0
93
673
35
35
0
123
676
35
35
0
144
713
31
31
0
2182
734
30
30
0
1962
775
51
51
0
1972
785
30
30
0
2031
787
35
35
0
2091
789
43
43
1
193
831
31
31
0
1962
826
47
47
0
1969
834
30
30
0
2028
836
35
35
0
0
841
63
63
0
2089
842
35
35
1
270
862
39
39
1
606
876
51
51
0
1956
871
51
51
1
452
883
39
39
0
1967
881
31
31
0
2025
885
35
35
0
2087
892
31
31
0
679
901
31
31
0
762
925
31
31
0
2126
929
39
39
0
451
971
47
47
0
557
983
103
103
1
624
988
55
55
1
1683
991
59
59
0
966
1001
39
39
0
1822
1018
47
47
0
1271
1021
47
47
0
1893
1056
43
43
1
238
1068
31
31
0
2162
1054
71
71
0
2095
1067
67
67
0
384
1089
59
59
0
1674
1117
31
31
0
1566
1127
51
51
1
2131
1148
67
67
0
1768
1171
39
39
0
501
1169
39
39
0
1529
1180
35
35
0
1648
1183
63
63
0
1264
1212
30
30
0
1819
1213
47
47
1
714
1228
47
47
0
451
1236
30
30
0
209
1254
51
51
0
512
1262
43
43
0
961
1365
55
55
0
979
1372
31
31
0
1281
1398
35
35
0
2157
1392
59
59
1
464
1408
39
39
0
1660
1430
43
43
1
641
1448
39
39
0
1597
1461
30
30
0
1551
1485
30
30
0
1770
1498
30
30
0
456
1499
55
55
0
1626
1497
75
75
0
1101
1520
59
59
0
1807
1528
43
43
0
1573
1539
30
30
0
816
1581
67
67
1
979
1641
35
35
0
1228
1649
30
30
1
902
1669
31
31
1
1140
1676
39
39
0
1297
1686
31
31
0
1158
1729
30
30
0
1185
1742
75
75
0
2130
1776
30
30
0
1805
1780
59
59
0
752
1849
71
71
0
1490
1844
55
55
0
1077
1851
55
55
0
1534
1858
47
47
1
2036
1882
43
43
0
1779
1888
30
30
0
252
1905
30
30
0
1853
1909
30
30
0
988
1914
71
71
0
747
1913
107
107
0
2086
1964
35
35
0
1858
1968
75
75
0
2226
1975
43
43
1
2168
1974
39
39
0
1909
1987
63
63
0
1949
1995
55
55
