81
0
2124
51
35
35
0
540
76
43
43
0
2091
149
35
35
0
2060
244
35
35
0
2261
311
35
35
0
2034
423
59
59
0
2091
511
30
30
0
2111
546
30
30
0
2038
621
31
31
0
2001
624
31
31
0
1963
626
30
30
0
2024
659
30
30
0
1949
663
35
35
0
1987
662
30
30
0
1973
697
35
35
0
2012
696
30
30
0
1933
698
39
39
0
541
746
30
30
1
1899
824
30
30
0
2144
836
35
35
0
1975
849
30
30
0
1805
853
59
59
1
1404
870
31
31
0
1471
876
75
75
0
1948
869
91
91
0
1480
891
63
63
0
1014
905
47
47
1
872
911
59
59
0
732
895
99
99
0
0
949
35
35
1
652
970
31
31
1
226
966
63
63
0
1918
981
63
63
1
1016
990
51
51
1
366
995
39
39
0
1891
1047
55
55
0
80
1082
55
55
0
1890
1093
39
39
1
657
1219
47
47
0
2100
1226
39
39
1
443
1254
31
31
0
1939
1258
79
79
1
528
1270
39
39
1
169
1283
47
47
1
406
1287
39
39
1
281
1303
35
35
1
850
1299
39
39
0
306
1349
31
31
1
195
1380
39
39
0
585
1413
35
35
0
1747
1432
30
30
0
1187
1419
87
87
1
213
1460
43
43
0
1919
1482
43
43
0
1730
1484
43
43
0
309
1497
59
59
1
231
1535
39
39
1
859
1545
59
59
1
623
1596
39
39
1
351
1620
67
67
1
1152
1628
43
43
0
1320
1638
47
47
0
1732
1652
31
31
0
1329
1655
30
30
0
887
1664
30
30
0
1155
1674
43
43
0
966
1713
35
35
0
939
1727
31
31
1
869
1738
31
31
0
378
1750
43
43
0
382
1756
30
30
1
264
1777
51
51
1
402
1811
47
47
0
2296
1819
43
43
0
651
1816
39
39
0
335
1839
30
30
0
1807
1935
43
43
0
165
1934
31
31
0
1663
1979
71
71
0
1698
2014
35
35
0
1921
2018
31
31
