82
0
0
10
47
47
0
553
42
39
39
0
606
228
39
39
0
0
301
63
63
0
444
365
51
51
0
342
408
63
63
0
641
452
67
67
0
636
606
31
31
0
671
609
30
30
0
707
612
30
30
0
647
644
30
30
0
682
645
30
30
0
717
649
30
30
0
656
676
35
35
0
693
682
31
31
0
728
684
31
31
0
636
766
87
87
1
757
800
43
43
0
504
813
63
63
0
690
819
39
39
0
1111
812
83
83
1
847
835
35
35
1
1051
858
43
43
0
679
872
31
31
0
1322
880
31
31
0
1407
899
35
35
0
1031
950
47
47
0
1166
959
30
30
0
1098
970
31
31
1
1227
965
55
55
1
2393
976
55
55
1
755
1043
35
35
0
1156
1029
91
91
1
935
1070
39
39
1
829
1080
31
31
1
918
1094
31
31
1
1105
1094
39
39
0
2377
1095
31
31
1
1010
1108
31
31
0
2266
1118
30
30
1
782
1126
30
30
0
817
1121
83
83
0
2190
1137
63
63
0
1903
1186
31
31
0
838
1185
87
87
0
865
1188
39
39
0
1733
1196
35
35
0
1776
1200
47
47
1
1266
1199
59
59
0
2250
1208
31
31
0
664
1230
55
55
1
828
1264
31
31
0
968
1270
43
43
0
970
1337
55
55
0
1013
1360
30
30
0
1704
1410
30
30
0
1895
1407
47
47
0
2298
1418
30
30
1
1120
1416
59
59
0
2211
1436
30
30
0
2157
1454
35
35
0
2386
1458
39
39
1
1328
1459
59
59
0
916
1484
30
30
0
2304
1495
30
30
0
2199
1510
39
39
0
1109
1516
67
67
0
1323
1570
31
31
0
2269
1611
71
71
0
1424
1663
30
30
1
2172
1689
31
31
0
1649
1706
31
31
1
2303
1710
43
43
0
1726
1717
79
79
0
2249
1729
55
55
0
2359
1753
59
59
1
2369
1803
51
51
0
1190
1820
30
30
0
2312
1862
30
30
0
2388
1882
30
30
0
2370
1949
71
71
0
1060
1955
95
95
