74
0
0
14
39
39
0
0
297
63
63
0
444
365
51
51
0
338
407
67
67
0
649
509
30
30
0
636
606
31
31
0
671
609
30
30
0
707
612
30
30
0
645
642
31
31
0
682
645
30
30
0
717
649
30
30
0
655
675
39
39
0
693
682
30
30
0
728
684
31
31
0
650
794
43
43
1
757
800
43
43
0
502
813
67
67
0
690
819
39
39
1
845
837
39
39
1
1237
847
47
47
1
1051
858
43
43
0
657
858
67
67
0
1322
880
31
31
1
1752
900
63
63
0
1576
906
31
31
0
1052
945
63
63
0
1388
953
43
43
1
1221
963
67
67
1
2385
969
63
63
1
755
1043
35
35
1
937
1070
35
35
1
831
1080
31
31
1
918
1095
31
31
0
2377
1097
30
30
0
2266
1120
30
30
1
786
1127
31
31
0
1753
1122
35
35
0
2205
1160
31
31
0
2339
1173
30
30
0
1896
1189
39
39
0
841
1189
63
63
0
1778
1201
43
43
1
1265
1195
67
67
0
923
1199
95
95
0
1033
1215
43
43
0
664
1230
55
55
1
828
1264
31
31
0
965
1270
43
43
0
1059
1296
31
31
0
1049
1308
43
43
0
1728
1321
35
35
0
1768
1381
59
59
1
936
1389
35
35
0
1694
1408
39
39
0
2147
1452
39
39
0
2393
1466
31
31
1
1339
1471
39
39
0
1097
1499
83
83
0
2199
1507
43
43
0
1316
1556
67
67
0
1737
1606
35
35
0
1824
1626
43
43
0
2286
1632
30
30
1
2307
1714
35
35
0
1726
1712
83
83
0
2233
1730
35
35
0
2358
1751
63
63
0
2255
1782
31
31
1
2368
1804
55
55
0
1185
1826
39
39
0
1982
1816
59
59
1
2233
1838
35
35
0
1220
1844
115
115
0
2388
1882
30
30
