88
0
0
16
35
35
0
553
42
39
39
0
219
238
30
30
0
0
299
63
63
0
443
365
51
51
0
881
370
30
30
0
338
407
67
67
0
650
509
30
30
0
636
606
31
31
0
671
609
30
30
0
707
612
31
31
0
647
644
30
30
0
682
645
30
30
0
717
649
30
30
0
658
679
31
31
0
693
681
30
30
0
728
684
31
31
0
1510
736
30
30
1
758
801
39
39
0
502
813
67
67
0
690
819
39
39
1
847
835
35
35
1
1237
845
51
51
1
1053
858
43
43
0
1322
880
31
31
0
1407
899
35
35
0
1576
906
31
31
0
1667
931
35
35
0
1027
931
91
91
0
1052
948
63
63
0
1388
953
43
43
1
1231
967
51
51
1
2393
976
55
55
1
755
1042
39
39
1
937
1073
35
35
1
831
1082
30
30
1
916
1092
30
30
0
2363
1090
47
47
1
1010
1108
31
31
1
783
1126
30
30
0
1756
1123
31
31
0
2194
1139
59
59
0
2339
1173
30
30
0
2370
1176
30
30
0
878
1198
30
30
1
1258
1197
75
75
0
1778
1201
43
43
0
2249
1208
31
31
0
954
1211
39
39
0
944
1225
43
43
0
1012
1226
63
63
0
664
1232
55
55
1
828
1265
30
30
0
962
1266
47
47
0
1027
1288
67
67
0
1062
1296
31
31
0
1732
1326
31
31
1
936
1389
35
35
0
1705
1413
35
35
1
1128
1426
39
39
0
2211
1436
30
30
0
2156
1454
39
39
0
908
1457
79
79
1
1331
1459
59
59
0
2391
1467
30
30
0
1100
1512
79
79
0
2313
1519
35
35
0
2376
1530
31
31
1
1156
1540
39
39
0
1302
1541
95
95
0
1724
1605
71
71
1
1463
1617
43
43
0
1807
1634
31
31
1
1367
1646
35
35
1
1642
1651
39
39
1
2172
1687
35
35
0
1649
1706
31
31
1
2303
1712
39
39
0
2359
1756
59
59
0
2254
1778
39
39
1
2368
1802
55
55
0
1217
1837
47
47
1
2237
1842
31
31
0
372
1878
39
39
0
2388
1882
30
30
0
1652
1895
35
35
0
1604
1905
39
39
0
2381
1951
67
67
