88
0
858
38
67
67
0
1301
295
47
47
0
1153
358
30
30
0
2130
663
103
103
0
654
739
39
39
0
716
740
31
31
0
592
743
43
43
0
716
786
31
31
0
658
792
31
31
0
599
793
35
35
0
712
828
39
39
0
657
834
39
39
0
604
843
30
30
1
2026
845
55
55
0
2152
857
51
51
0
1915
861
59
59
0
1438
880
79
79
1
1558
894
55
55
0
1667
921
30
30
0
1881
944
39
39
1
1338
945
47
47
1
962
951
47
47
1
1072
971
47
47
1
1672
969
47
47
0
929
981
30
30
1
1080
976
31
31
1
332
1010
67
67
0
775
1055
71
71
0
2418
1074
30
30
0
525
1097
39
39
0
1853
1152
39
39
0
215
1168
75
75
0
485
1190
71
71
0
358
1225
30
30
1
1085
1230
43
43
1
1163
1247
43
43
1
830
1263
47
47
1
1446
1274
43
43
1
928
1285
35
35
0
1147
1291
83
83
0
1049
1314
43
43
0
2260
1330
39
39
0
1160
1343
31
31
1
832
1364
35
35
0
1158
1375
30
30
0
1158
1394
30
30
0
1522
1404
35
35
0
1029
1407
30
30
1
831
1442
39
39
0
1040
1467
31
31
0
369
1469
43
43
0
1732
1478
31
31
0
491
1493
31
31
0
396
1506
47
47
0
525
1503
63
63
1
828
1515
39
39
0
307
1519
30
30
0
402
1523
87
87
0
1749
1530
43
43
1
1407
1537
35
35
0
1713
1536
31
31
0
253
1557
35
35
1
1166
1572
51
51
0
2141
1585
39
39
0
0
1603
31
31
0
312
1606
31
31
1
916
1600
71
71
1
1639
1607
39
39
0
1406
1632
30
30
1
1477
1641
35
35
0
950
1738
31
31
0
504
1738
39
39
0
568
1752
63
63
0
461
1768
63
63
1
804
1771
35
35
0
512
1790
30
30
1
594
1795
55
55
0
857
1822
31
31
0
0
1833
59
59
0
0
1885
30
30
1
482
1880
43
43
0
717
1890
87
87
0
744
1905
39
39
0
653
1906
83
83
0
694
1909
63
63
0
1981
1910
47
47
0
666
1928
51
51
0
1814
1991
59
59
