101
0
1971
698
55
55
0
1204
699
47
47
0
716
739
31
31
0
650
737
43
43
0
596
747
35
35
0
712
782
39
39
0
595
789
47
47
0
658
792
31
31
0
601
797
30
30
0
715
830
35
35
0
657
834
39
39
0
604
843
30
30
1
2026
845
51
51
0
2146
853
59
59
0
2095
854
75
75
0
1883
880
43
43
1
1562
894
47
47
0
1900
899
30
30
0
1662
914
39
39
1
1338
943
47
47
1
953
938
67
67
1
1883
955
30
30
1
1072
973
47
47
1
1672
973
43
43
0
930
977
30
30
1
1080
976
31
31
0
1871
1028
79
79
0
834
1071
39
39
0
2418
1074
30
30
0
321
1125
55
55
0
1850
1152
43
43
0
447
1175
31
31
0
215
1167
75
75
0
1847
1163
67
67
0
481
1186
75
75
1
1294
1201
43
43
0
358
1225
30
30
1
1085
1230
43
43
0
190
1251
31
31
1
1165
1249
39
39
1
830
1265
47
47
1
1441
1267
55
55
1
1450
1278
35
35
0
1055
1313
30
30
0
2260
1330
39
39
1
832
1364
35
35
0
1110
1355
87
87
0
2266
1391
39
39
0
1520
1400
39
39
0
937
1405
75
75
0
1033
1406
30
30
1
831
1440
39
39
0
2189
1461
43
43
0
1040
1467
31
31
0
382
1475
30
30
0
1732
1478
31
31
0
489
1485
47
47
0
521
1494
71
71
0
288
1506
51
51
0
384
1513
67
67
1
828
1515
39
39
0
1752
1532
39
39
0
1705
1526
47
47
0
1055
1542
31
31
1
1407
1537
35
35
0
504
1549
39
39
0
253
1558
35
35
0
2008
1555
75
75
0
2136
1563
30
30
0
427
1574
30
30
1
1174
1576
39
39
0
2141
1585
39
39
0
303
1597
59
59
0
0
1603
35
35
1
1639
1602
43
43
1
929
1621
39
39
0
1380
1620
95
95
0
1678
1628
30
30
0
1406
1632
30
30
1
1477
1636
39
39
0
1611
1659
47
47
0
1198
1687
30
30
0
835
1690
31
31
0
938
1698
30
30
1
1360
1716
30
30
0
950
1738
31
31
1
505
1747
31
31
0
451
1763
75
75
1
370
1768
35
35
1
804
1771
35
35
1
512
1790
30
30
0
816
1816
39
39
0
857
1822
31
31
0
0
1840
51
51
0
0
1869
59
59
1
478
1877
47
47
0
744
1905
39
39
0
1987
1909
35
35
0
694
1909
63
63
0
665
1928
51
51
0
246
1967
43
43
