75
0
0
16
35
35
0
553
42
39
39
0
479
231
30
30
0
219
240
30
30
0
0
297
63
63
0
448
369
43
43
0
338
404
71
71
0
577
496
30
30
0
650
509
30
30
0
636
606
31
31
0
671
609
30
30
0
707
612
30
30
0
647
642
30
30
0
682
645
30
30
0
717
649
30
30
0
656
676
35
35
0
693
682
30
30
0
728
684
31
31
1
743
797
59
59
0
504
813
63
63
1
847
841
35
35
1
1055
862
39
39
1
1752
893
63
63
0
1027
931
87
87
0
1052
949
63
63
0
1391
954
39
39
1
2393
976
55
55
1
756
1040
31
31
1
832
1082
30
30
0
2377
1095
31
31
1
1008
1108
31
31
0
2264
1120
30
30
1
783
1126
30
30
0
1749
1120
39
39
0
813
1118
87
87
0
2203
1158
35
35
0
2339
1173
30
30
0
2370
1176
30
30
0
837
1189
67
67
0
871
1197
35
35
0
1778
1201
43
43
0
951
1208
39
39
1
1274
1210
43
43
0
661
1228
59
59
0
944
1225
43
43
1
828
1265
30
30
0
965
1268
47
47
0
1029
1287
75
75
0
1728
1324
35
35
0
1765
1381
63
63
1
936
1389
35
35
0
1704
1412
30
30
0
1911
1411
39
39
0
2184
1419
63
63
1
1128
1426
43
43
0
2154
1459
31
31
1
1327
1460
63
63
0
2390
1467
31
31
0
2201
1510
39
39
0
1115
1521
55
55
0
2377
1529
35
35
0
888
1528
47
47
0
1616
1677
79
79
0
1718
1694
95
95
1
2303
1718
43
43
0
2358
1749
67
67
0
2254
1778
39
39
1
2368
1802
55
55
0
1984
1822
47
47
0
1219
1837
43
43
0
2388
1882
30
30
0
1643
1899
43
43
0
1600
1901
35
35
0
935
1899
91
91
0
2388
1974
43
43
