75
0
0
16
35
35
0
777
121
43
43
0
220
238
30
30
0
0
297
63
63
0
444
365
51
51
0
886
370
30
30
0
617
405
75
75
0
342
406
63
63
0
467
457
43
43
0
526
471
35
35
0
589
476
30
30
0
650
509
30
30
0
636
606
31
31
0
671
609
30
30
0
707
612
30
30
0
645
642
31
31
0
682
645
31
31
0
717
649
30
30
0
1378
655
30
30
0
658
678
30
30
0
725
682
35
35
0
691
682
30
30
1
757
798
47
47
0
512
821
47
47
0
1118
815
75
75
1
845
837
39
39
1
1237
849
47
47
1
1051
858
43
43
0
1407
899
35
35
0
1027
929
91
91
0
1052
949
63
63
0
1387
960
35
35
1
1231
968
47
47
1
2393
976
55
55
0
463
1026
51
51
1
755
1038
35
35
1
828
1078
30
30
0
1746
1087
51
51
0
2376
1095
31
31
1
1010
1108
31
31
0
835
1118
35
35
0
2264
1120
30
30
0
2186
1133
71
71
0
2338
1172
30
30
0
2370
1176
30
30
0
855
1182
47
47
1
806
1199
30
30
1
1274
1210
43
43
0
661
1230
59
59
0
1992
1247
30
30
1
826
1263
35
35
0
962
1266
47
47
0
1732
1326
31
31
1
936
1389
35
35
0
1706
1412
30
30
1
1120
1418
59
59
1
1132
1430
35
35
0
2212
1435
30
30
0
2387
1458
39
39
0
2156
1458
30
30
1
1335
1465
47
47
0
2248
1473
75
75
0
2294
1478
79
79
0
1102
1506
75
75
0
2201
1511
35
35
0
1712
1506
47
47
0
2374
1533
30
30
0
1303
1554
83
83
0
2278
1620
47
47
1
1369
1649
30
30
1
1639
1649
43
43
1
2169
1688
35
35
1
2304
1713
35
35
0
2233
1730
35
35
1
2369
1803
51
51
