90
0
377
0
67
67
0
14
79
31
31
0
327
159
30
30
0
53
174
31
31
0
609
347
30
30
0
141
537
31
31
0
506
538
47
47
0
47
636
31
31
0
111
710
31
31
0
1962
775
51
51
0
1972
785
30
30
0
2031
787
35
35
0
2095
793
35
35
0
1958
822
55
55
1
190
834
39
39
0
1970
834
31
31
0
2028
836
35
35
0
0
841
63
63
0
2089
842
35
35
1
270
862
39
39
0
1952
869
59
59
1
614
879
35
35
0
1967
881
31
31
0
2025
885
35
35
0
2086
891
35
35
0
711
890
47
47
0
681
901
30
30
0
755
920
39
39
1
1075
927
47
47
0
562
983
39
39
0
446
989
39
39
0
507
987
63
63
1
625
990
51
51
1
1676
990
67
67
0
966
1001
39
39
1
1691
1001
43
43
0
1271
1021
47
47
0
1893
1057
43
43
1
240
1068
31
31
1
2332
1056
79
79
0
384
1092
59
59
0
2225
1093
51
51
1
310
1103
30
30
1
550
1119
35
35
0
1565
1119
67
67
0
1674
1120
30
30
1
2128
1144
71
71
0
1517
1167
59
59
0
1651
1195
30
30
0
1819
1216
43
43
1
709
1219
63
63
0
418
1226
67
67
0
1085
1232
39
39
0
451
1236
30
30
0
209
1256
47
47
0
1765
1259
35
35
0
2195
1330
35
35
0
1017
1348
30
30
0
975
1366
43
43
0
1172
1386
79
79
0
2153
1386
67
67
1
464
1408
39
39
0
1320
1434
43
43
0
1599
1458
39
39
0
1550
1485
30
30
0
1771
1489
39
39
0
1695
1490
31
31
0
456
1496
55
55
0
1101
1520
59
59
0
1812
1532
39
39
0
1569
1535
35
35
0
820
1582
59
59
1
979
1639
35
35
0
1228
1649
30
30
1
900
1670
35
35
1
1144
1678
35
35
0
1297
1686
31
31
0
978
1683
39
39
1
1623
1716
30
30
0
1183
1742
75
75
0
1651
1746
43
43
0
1809
1784
51
51
0
2083
1821
63
63
0
751
1849
71
71
0
1487
1844
55
55
1
1710
1866
31
31
1
2036
1882
43
43
0
988
1910
75
75
0
1854
1909
30
30
0
2086
1964
35
35
