78
0
0
13
39
39
0
580
137
39
39
0
0
301
63
63
0
470
333
31
31
0
444
365
51
51
0
884
370
30
30
0
617
404
79
79
0
342
406
63
63
0
590
476
30
30
0
648
491
59
59
0
556
529
35
35
0
636
606
31
31
0
671
609
30
30
0
707
612
30
30
0
647
642
30
30
0
682
645
30
30
0
717
649
30
30
0
656
676
35
35
0
693
682
30
30
0
728
685
31
31
1
757
803
47
47
0
502
813
67
67
0
1114
813
79
79
1
845
837
39
39
1
1237
847
47
47
1
1053
858
43
43
0
653
856
71
71
0
1407
899
35
35
1
1753
902
59
59
0
1718
918
43
43
0
1027
931
91
91
0
1052
943
63
63
0
1388
958
39
39
1
1228
966
51
51
1
2389
973
59
59
1
755
1043
35
35
1
829
1082
30
30
0
2379
1097
30
30
1
1009
1107
35
35
0
2266
1120
30
30
0
1756
1123
31
31
0
2193
1137
63
63
0
1014
1167
43
43
0
1734
1196
35
35
1
806
1199
30
30
0
1778
1201
43
43
1
1265
1191
75
75
0
961
1213
30
30
1
1275
1211
39
39
0
1028
1212
55
55
0
661
1228
59
59
0
944
1225
43
43
0
896
1268
30
30
0
1062
1296
30
30
0
1732
1326
31
31
0
1765
1383
59
59
1
932
1385
43
43
0
1704
1412
31
31
0
2299
1417
30
30
1
1128
1426
43
43
0
2211
1435
30
30
0
2393
1466
31
31
1
1336
1469
43
43
0
2302
1486
35
35
0
2186
1501
71
71
0
2203
1511
35
35
0
1100
1519
71
71
0
1346
1537
30
30
0
1300
1541
95
95
0
1446
1640
67
67
0
1726
1715
79
79
0
2354
1748
71
71
0
2250
1765
71
71
1
2233
1838
35
35
0
2312
1862
30
30
0
2388
1882
30
30
0
1645
1902
39
39
0
1064
1959
91
91
