80
0
2125
55
31
31
0
2346
88
35
35
0
2093
154
31
31
0
2060
244
35
35
0
2031
425
59
59
0
1998
477
55
55
0
2034
617
39
39
0
2001
624
31
31
0
1963
626
30
30
0
2024
659
30
30
0
1951
662
30
30
0
1987
662
30
30
0
1973
697
35
35
0
2012
696
30
30
0
1940
699
30
30
0
2146
840
30
30
0
1975
849
30
30
0
1471
872
79
79
0
1275
874
67
67
0
1480
891
63
63
0
1014
904
47
47
0
743
897
87
87
1
884
917
35
35
0
0
949
35
35
0
1900
931
87
87
1
642
964
51
51
1
221
955
75
75
1
652
970
31
31
1
1247
972
39
39
0
1918
981
63
63
1
358
985
55
55
1
1019
989
51
51
0
774
1019
31
31
1
845
1047
51
51
1
855
1055
30
30
0
2270
1089
35
35
0
1246
1140
67
67
1
659
1224
43
43
1
443
1254
31
31
0
1939
1255
79
79
1
528
1269
39
39
1
166
1280
51
51
1
402
1284
43
43
1
842
1292
51
51
1
281
1306
35
35
0
544
1317
35
35
0
428
1332
31
31
0
395
1340
31
31
0
1650
1328
79
79
0
2085
1371
43
43
1
191
1380
43
43
0
430
1412
43
43
1
209
1459
47
47
0
1920
1482
43
43
0
1734
1488
39
39
0
451
1487
30
30
1
229
1531
43
43
1
871
1560
35
35
1
623
1596
39
39
0
1583
1605
30
30
1
1156
1632
31
31
1
358
1629
55
55
0
1329
1655
30
30
1
978
1663
39
39
0
1162
1679
35
35
0
638
1705
39
39
0
642
1707
30
30
1
865
1735
39
39
0
378
1750
43
43
0
479
1737
67
67
0
382
1756
30
30
0
17
1787
39
39
1
264
1782
47
47
0
1954
1816
43
43
0
2296
1819
43
43
0
651
1816
39
39
1
53
1820
51
51
0
1807
1935
43
43
0
1698
2016
31
31
0
1921
2011
39
39
