78
0
555
45
35
35
0
610
234
30
30
0
220
238
30
30
0
0
297
63
63
0
627
320
43
43
0
444
365
51
51
0
884
370
30
30
0
338
405
71
71
0
649
509
30
30
0
636
606
31
31
0
671
609
30
30
0
707
612
31
31
0
647
642
30
30
0
682
645
30
30
0
717
649
30
30
0
656
676
35
35
0
693
682
30
30
0
728
685
31
31
0
1499
704
31
31
1
757
803
47
47
0
504
813
63
63
0
1107
810
87
87
1
845
837
39
39
1
1055
862
39
39
0
1322
880
31
31
0
1104
890
63
63
0
1407
899
35
35
1
1752
893
63
63
0
1666
924
43
43
0
1027
931
91
91
0
1052
949
63
63
1
1227
965
59
59
1
2393
976
55
55
1
755
1038
35
35
1
937
1070
35
35
1
916
1091
30
30
1
1107
1098
35
35
1
1010
1106
31
31
1
783
1126
30
30
0
821
1124
75
75
0
2190
1140
67
67
0
865
1186
39
39
0
2038
1190
30
30
0
1776
1201
43
43
0
2247
1208
35
35
1
1274
1209
43
43
0
661
1228
59
59
1
828
1264
31
31
0
862
1247
67
67
0
968
1270
43
43
0
883
1281
39
39
0
1055
1291
35
35
0
1732
1326
31
31
0
1759
1358
83
83
1
936
1389
35
35
1
1128
1426
39
39
0
2191
1423
51
51
0
136
1455
30
30
0
2140
1450
47
47
0
911
1460
75
75
0
2391
1468
35
35
1
1339
1471
39
39
0
2203
1514
35
35
0
1114
1524
30
30
1
1156
1540
39
39
0
1307
1555
79
79
0
1742
1606
30
30
0
1755
1664
31
31
0
1424
1663
30
30
1
2303
1719
39
39
0
2200
1724
47
47
0
1723
1715
83
83
1
2166
1732
31
31
0
2358
1751
63
63
0
1190
1820
30
30
0
530
1839
79
79
0
2310
1863
31
31
0
2388
1882
30
30
