74
0
0
16
35
35
0
555
47
30
30
0
609
234
30
30
0
0
299
59
59
0
445
361
55
55
0
338
407
67
67
0
649
509
30
30
0
556
530
35
35
0
636
607
30
30
0
671
609
30
30
0
707
612
31
31
0
647
644
30
30
0
682
645
30
30
0
717
649
30
30
0
655
675
39
39
0
693
682
30
30
0
728
684
31
31
1
757
803
47
47
0
502
813
67
67
0
1111
811
83
83
1
845
837
39
39
1
1241
851
43
43
1
1051
858
43
43
0
1322
880
31
31
0
1407
899
35
35
1
1752
893
63
63
1
1230
970
55
55
1
2389
973
59
59
1
755
1043
35
35
1
939
1068
31
31
1
831
1080
30
30
1
1107
1098
35
35
0
2379
1098
31
31
1
1010
1106
31
31
0
2264
1120
30
30
0
846
1121
30
30
1
783
1126
30
30
0
1753
1122
35
35
0
2204
1145
47
47
0
2339
1173
30
30
0
2370
1176
30
30
0
865
1191
39
39
0
2038
1190
30
30
0
841
1192
63
63
0
951
1206
39
39
0
2250
1208
35
35
1
1271
1207
47
47
0
664
1230
55
55
0
944
1225
43
43
1
828
1264
31
31
0
861
1258
75
75
0
969
1272
39
39
0
946
1277
75
75
0
1732
1326
31
31
0
1658
1330
63
63
0
970
1338
59
59
1
936
1389
35
35
0
1906
1412
35
35
0
1704
1412
30
30
0
2147
1454
35
35
1
1327
1456
63
63
0
2391
1467
30
30
0
921
1478
55
55
0
1099
1506
79
79
0
2199
1510
39
39
0
2369
1523
39
39
0
1323
1570
30
30
1
2303
1719
39
39
0
1726
1717
79
79
0
2354
1745
71
71
0
2254
1778
39
39
0
1217
1837
47
47
0
2388
1882
30
30
0
1645
1902
39
39
