78
0
553
42
39
39
0
474
231
43
43
0
220
238
30
30
0
0
301
63
63
0
444
365
51
51
0
620
405
75
75
0
341
406
67
67
0
635
448
67
67
0
649
509
30
30
0
636
606
31
31
0
671
609
30
30
0
707
612
30
30
0
647
642
30
30
0
682
645
30
30
0
717
649
30
30
0
655
675
39
39
0
693
682
30
30
0
728
684
31
31
1
757
800
43
43
0
502
813
67
67
0
690
819
39
39
0
1125
820
67
67
1
847
841
35
35
1
1053
858
43
43
0
653
856
71
71
0
1322
881
31
31
0
1407
899
35
35
0
1666
921
43
43
0
1027
929
91
91
1
2393
976
55
55
1
755
1043
35
35
1
936
1070
35
35
1
829
1080
31
31
0
2373
1091
39
39
1
916
1097
30
30
1
1008
1106
30
30
0
814
1109
83
83
1
783
1126
30
30
0
1753
1122
35
35
0
2204
1152
47
47
0
2339
1173
30
30
0
2370
1176
30
30
0
837
1187
67
67
0
1774
1197
47
47
0
951
1208
39
39
1
1270
1203
51
51
0
1033
1215
43
43
0
664
1230
55
55
0
944
1225
43
43
1
828
1264
31
31
0
969
1270
39
39
0
1029
1289
75
75
0
1658
1331
59
59
0
1755
1362
83
83
1
925
1379
63
63
0
1902
1410
39
39
0
1704
1412
30
30
1
1128
1424
43
43
0
2211
1436
30
30
0
2393
1467
31
31
1
1336
1469
43
43
0
921
1478
55
55
0
2205
1514
31
31
0
2369
1523
39
39
0
888
1528
47
47
0
1307
1555
79
79
0
1684
1703
51
51
1
2303
1711
39
39
0
1726
1717
79
79
0
2358
1749
67
67
1
2368
1802
55
55
1
2226
1833
43
43
0
1220
1844
115
115
0
2310
1862
31
31
0
2388
1882
30
30
0
1642
1899
43
43
0
2370
1949
71
71
0
1064
1959
91
91
