108
0
17
79
31
31
0
0
94
87
87
0
312
104
55
55
0
0
142
67
67
0
53
171
35
35
0
0
171
71
71
0
328
201
39
39
0
319
252
47
47
0
141
537
31
31
0
506
540
47
47
0
47
636
31
31
0
78
639
31
31
0
108
639
31
31
0
95
673
31
31
0
123
676
35
35
0
81
707
31
31
0
111
710
31
31
0
142
713
31
31
0
828
743
43
43
0
1958
768
59
59
0
1972
785
30
30
0
2031
787
35
35
0
2095
793
35
35
0
101
823
31
31
0
1966
828
39
39
1
191
831
30
30
0
2028
836
35
35
0
0
840
67
67
0
2089
842
35
35
0
131
847
35
35
1
270
862
39
39
1
610
875
43
43
0
1963
877
39
39
0
2017
876
51
51
1
452
880
39
39
0
2086
891
35
35
0
678
901
30
30
0
1014
913
30
30
0
936
913
55
55
0
758
923
35
35
1
1075
925
47
47
0
909
932
31
31
0
990
945
43
43
1
1072
943
47
47
0
448
971
47
47
1
628
990
51
51
1
1683
991
59
59
0
966
1001
39
39
0
1271
1021
47
47
0
1893
1057
43
43
1
238
1067
35
35
0
2096
1072
59
59
1
384
1092
55
55
0
2222
1098
51
51
0
2348
1103
47
47
0
1674
1118
31
31
0
1574
1141
35
35
1
2131
1146
67
67
0
490
1160
55
55
0
1528
1176
43
43
0
1651
1195
30
30
0
1267
1208
31
31
0
1814
1213
47
47
0
370
1219
31
31
0
1054
1224
31
31
1
710
1223
55
55
0
446
1232
39
39
0
439
1249
39
39
0
209
1256
47
47
0
512
1262
43
43
0
554
1319
31
31
0
2198
1334
31
31
0
2390
1348
31
31
0
968
1363
47
47
0
1279
1394
39
39
0
2157
1390
59
59
1
464
1406
39
39
0
1664
1441
35
35
1
641
1448
39
39
0
1597
1461
30
30
0
1551
1484
31
31
0
1770
1493
31
31
0
1695
1490
31
31
0
454
1496
59
59
0
1814
1532
35
35
1
686
1557
47
47
0
817
1591
30
30
0
697
1593
31
31
1
979
1641
35
35
0
1292
1650
51
51
0
1228
1649
30
30
1
1144
1678
35
35
0
1294
1688
35
35
1
1622
1716
31
31
0
2130
1776
30
30
0
1806
1783
51
51
0
2084
1830
31
31
0
747
1845
79
79
0
1487
1844
55
55
0
1077
1851
55
55
0
988
1910
75
75
0
1854
1909
30
30
0
750
1915
103
103
0
1331
1956
59
59
0
1866
1975
71
71
0
1909
1987
63
63
0
1949
1995
55
55
0
666
1983
67
67
