111
0
13
76
35
35
0
0
95
83
83
0
313
106
51
51
0
0
153
55
55
0
53
174
31
31
0
147
334
51
51
0
527
481
79
79
0
141
537
31
31
0
506
540
47
47
0
47
636
31
31
0
74
636
35
35
0
99
633
43
43
0
62
669
35
35
0
93
673
35
35
0
123
676
35
35
0
79
706
35
35
0
111
710
31
31
0
142
713
31
31
0
828
744
39
39
0
1933
749
39
39
0
1962
775
51
51
0
2019
772
63
63
0
1973
785
31
31
0
2031
787
35
35
0
2095
793
35
35
0
101
823
31
31
0
1959
824
51
51
1
190
831
43
43
0
1969
834
30
30
0
2028
836
35
35
0
0
845
55
55
0
2089
842
35
35
0
130
846
39
39
1
272
859
35
35
1
605
876
51
51
0
1956
871
51
51
0
1967
881
31
31
0
2018
878
47
47
1
456
883
31
31
0
2086
891
35
35
0
679
901
31
31
0
1016
913
30
30
0
902
923
39
39
0
937
919
51
51
0
762
925
31
31
1
1075
927
47
47
0
993
947
39
39
0
442
983
47
47
0
505
983
71
71
0
562
984
39
39
1
1675
982
71
71
1
628
994
47
47
0
1590
1012
39
39
0
1274
1023
43
43
0
1893
1057
43
43
1
240
1068
31
31
1
399
1095
35
35
0
2225
1094
51
51
1
551
1120
31
31
0
1675
1120
31
31
1
391
1120
30
30
0
1566
1139
39
39
1
277
1147
30
30
1
2131
1146
67
67
0
1516
1180
43
43
0
2195
1189
51
51
0
1675
1199
83
83
0
1267
1212
31
31
0
336
1213
75
75
1
718
1234
39
39
0
520
1242
35
35
0
209
1256
47
47
0
773
1275
39
39
0
2198
1334
31
31
0
1019
1349
31
31
0
979
1372
31
31
0
2153
1390
63
63
0
1281
1401
35
35
1
464
1408
39
39
0
1671
1441
31
31
1
641
1446
43
43
0
1597
1461
30
30
0
1553
1485
30
30
0
1768
1490
35
35
0
1684
1487
43
43
0
456
1499
55
55
0
1802
1524
55
55
0
1571
1541
30
30
0
1695
1545
31
31
0
817
1591
30
30
0
1215
1614
55
55
1
979
1641
35
35
0
1285
1646
59
59
0
1228
1649
30
30
1
1140
1676
39
39
0
1289
1681
47
47
0
1422
1714
35
35
1
1622
1716
30
30
0
1183
1742
75
75
0
1649
1745
47
47
1
1746
1741
30
30
0
1699
1749
63
63
0
1808
1777
63
63
1
1827
1832
51
51
0
749
1849
75
75
0
1077
1851
55
55
1
1706
1860
43
43
0
1853
1909
30
30
0
988
1914
71
71
0
2090
1966
31
31
0
60
1959
91
91
