104
0
377
0
67
67
0
1270
0
39
39
0
313
107
47
47
0
327
159
30
30
0
323
200
43
43
0
311
251
55
55
0
92
268
30
30
0
419
306
31
31
0
147
334
51
51
0
141
537
31
31
0
506
540
47
47
0
45
620
67
67
0
106
639
35
35
0
62
669
35
35
0
93
673
35
35
0
123
676
35
35
0
1936
752
35
35
0
1961
770
55
55
0
1972
785
30
30
0
2031
787
35
35
0
2095
793
35
35
0
1959
824
51
51
1
193
831
31
31
0
1969
834
30
30
0
0
837
67
67
0
2028
836
35
35
0
2089
842
35
35
1
270
862
39
39
0
1956
871
51
51
1
614
879
35
35
0
1967
881
31
31
1
453
886
39
39
0
2025
885
35
35
0
2086
891
35
35
0
679
901
31
31
0
1016
913
30
30
0
902
923
39
39
0
936
918
59
59
0
762
927
31
31
0
448
971
47
47
1
629
997
43
43
1
1687
997
47
47
0
1271
1021
47
47
1
236
1064
39
39
0
1896
1056
43
43
1
400
1090
35
35
0
2217
1097
71
71
1
394
1113
35
35
0
1674
1118
31
31
0
1572
1140
39
39
1
2135
1150
63
63
0
1527
1169
51
51
0
1772
1175
30
30
0
1265
1205
35
35
0
342
1214
63
63
0
1820
1223
35
35
1
709
1217
63
63
0
411
1222
75
75
0
209
1256
47
47
0
508
1249
79
79
0
528
1313
63
63
0
2198
1332
30
30
0
485
1352
71
71
0
979
1372
31
31
0
1174
1386
79
79
0
1277
1401
30
30
1
464
1404
43
43
0
1326
1438
30
30
0
1675
1443
30
30
1
641
1448
39
39
0
1597
1462
30
30
0
1551
1484
30
30
0
1690
1488
30
30
0
1768
1493
35
35
0
458
1500
51
51
0
1101
1521
63
63
0
1813
1532
39
39
0
1573
1541
30
30
1
687
1559
43
43
0
821
1582
59
59
1
555
1583
30
30
1
979
1639
35
35
0
1290
1650
51
51
0
1228
1649
30
30
1
902
1671
31
31
1
1144
1678
35
35
0
1297
1686
31
31
0
982
1685
35
35
1
1620
1716
30
30
0
1183
1738
79
79
1
1746
1742
39
39
0
1652
1746
43
43
0
2128
1778
30
30
0
1808
1782
55
55
1
1810
1827
67
67
0
749
1849
75
75
0
1077
1851
55
55
0
1789
1852
91
91
1
2034
1871
59
59
0
1778
1889
31
31
0
988
1910
75
75
0
750
1911
103
103
0
2090
1966
31
31
0
780
1964
83
83
