96
0
115
0
83
83
0
69
164
30
30
0
275
556
35
35
0
1683
745
59
59
0
1695
763
31
31
0
1753
766
31
31
0
1811
769
35
35
0
1687
803
47
47
0
1695
811
31
31
0
1750
812
35
35
0
1811
820
31
31
0
1684
847
51
51
0
1742
851
51
51
0
1695
857
31
31
0
1752
861
30
30
0
1804
862
39
39
0
1808
866
30
30
1
14
880
39
39
1
359
877
51
51
1
201
894
39
39
0
1848
899
35
35
0
455
890
63
63
1
834
926
43
43
0
513
928
39
39
0
748
945
43
43
1
1425
969
63
63
0
200
986
47
47
0
470
974
63
63
0
724
1001
39
39
1
394
1011
35
35
0
1631
1024
55
55
1
2048
1018
75
75
0
1831
1044
47
47
0
1946
1059
55
55
1
0
1088
39
39
0
2182
1085
55
55
0
1424
1098
30
30
1
152
1107
39
39
1
63
1124
30
30
1
1866
1113
59
59
1
142
1129
43
43
1
225
1143
39
39
0
1521
1149
30
30
0
1285
1162
35
35
0
1404
1173
30
30
0
1550
1174
67
67
0
1519
1235
43
43
0
96
1223
99
99
1
492
1245
35
35
0
1929
1288
35
35
0
234
1313
43
43
0
742
1368
39
39
0
1438
1415
30
30
0
1098
1429
30
30
1
238
1431
39
39
0
1068
1455
30
30
0
1318
1459
35
35
0
1534
1462
31
31
1
418
1463
43
43
0
1571
1495
43
43
0
258
1498
30
30
0
803
1502
31
31
0
290
1501
31
31
0
232
1517
59
59
0
1462
1514
39
39
0
877
1515
63
63
0
1537
1527
30
30
0
2417
1536
31
31
0
231
1579
39
39
0
609
1591
59
59
1
338
1606
30
30
0
1840
1613
103
103
1
770
1643
35
35
0
987
1658
43
43
0
1084
1673
35
35
1
928
1666
47
47
1
691
1675
35
35
0
770
1688
35
35
0
1483
1723
55
55
0
948
1724
31
31
1
1806
1822
47
47
1
1489
1825
43
43
0
1575
1811
87
87
0
879
1852
47
47
0
1658
1886
35
35
1
1929
1906
43
43
0
768
1914
67
67
0
933
1918
31
31
0
805
1923
67
67
0
1659
1931
55
55
0
2014
1926
47
47
0
933
1943
31
31
0
1129
1944
59
59
0
1740
1966
39
39
0
1042
1967
83
83
0
448
1969
71
71
