85
0
555
47
30
30
0
584
140
35
35
0
609
234
30
30
0
0
301
63
63
0
444
365
51
51
0
342
409
63
63
0
463
454
47
47
0
577
497
30
30
0
650
509
30
30
0
552
508
67
67
0
636
606
31
31
0
671
609
30
30
0
707
612
30
30
0
647
644
30
30
0
682
645
30
30
0
717
649
30
30
0
656
676
35
35
0
693
682
31
31
0
728
684
31
31
0
1510
736
30
30
0
650
794
43
43
1
758
802
39
39
0
502
813
67
67
0
690
819
39
39
1
761
819
35
35
1
847
836
35
35
1
1053
859
39
39
0
1322
883
31
31
0
1407
899
35
35
1
1752
899
63
63
0
1667
930
35
35
0
1033
950
43
43
0
1166
961
30
30
0
1098
970
31
31
1
1227
963
59
59
1
2393
976
55
55
1
755
1038
35
35
1
936
1070
35
35
1
918
1094
31
31
1
1104
1094
39
39
0
2377
1097
30
30
0
1773
1097
67
67
1
1010
1108
31
31
0
2264
1120
30
30
1
782
1127
30
30
0
1756
1124
31
31
0
929
1134
43
43
0
2190
1137
63
63
0
2339
1173
30
30
0
2370
1176
30
30
0
865
1186
39
39
1
806
1199
35
35
0
1779
1201
43
43
0
2247
1205
35
35
1
1274
1210
43
43
0
664
1230
55
55
0
968
1270
43
43
0
1732
1326
31
31
0
1765
1381
63
63
1
932
1385
39
39
0
1706
1410
30
30
0
1898
1406
47
47
1
1128
1424
43
43
0
2304
1462
30
30
0
2391
1467
30
30
1
1336
1469
43
43
0
918
1482
30
30
1
889
1492
30
30
0
2199
1510
39
39
0
2203
1508
59
59
0
1117
1521
55
55
0
2367
1522
43
43
1
1159
1542
35
35
0
1312
1556
71
71
0
2267
1615
63
63
0
920
1627
35
35
1
1639
1649
43
43
0
1617
1685
67
67
0
1449
1706
39
39
1
2303
1712
39
39
0
1726
1717
79
79
0
2121
1734
51
51
0
2358
1751
63
63
0
2253
1782
30
30
0
1190
1820
30
30
