98
0
361
0
79
79
0
0
95
83
83
0
0
142
67
67
0
53
174
31
31
0
0
170
71
71
0
92
268
30
30
0
147
334
51
51
0
141
537
31
31
0
506
540
47
47
0
62
669
35
35
0
93
673
35
35
0
828
743
43
43
0
1962
775
51
51
0
2015
770
67
67
0
1972
785
30
30
0
2084
782
55
55
0
2031
787
35
35
0
2095
793
35
35
0
1958
820
55
55
1
191
831
30
30
0
1970
834
31
31
0
2028
836
35
35
0
0
841
63
63
0
2089
842
35
35
1
270
862
39
39
0
1951
867
63
63
1
610
874
43
43
0
2009
871
67
67
1
452
879
39
39
0
1967
881
31
31
0
2025
885
35
35
0
2086
891
35
35
0
679
901
31
31
0
1016
913
30
30
0
940
915
51
51
0
758
923
35
35
1
1071
928
59
59
0
907
930
30
30
0
990
947
43
43
0
451
971
47
47
0
763
985
30
30
1
624
988
55
55
1
1683
989
59
59
0
1893
1057
43
43
1
238
1067
35
35
1
2340
1067
63
63
1
400
1093
35
35
0
2225
1099
55
55
1
388
1115
30
30
0
1677
1120
31
31
0
1576
1141
31
31
1
2135
1148
63
63
0
1528
1184
35
35
0
1268
1210
30
30
0
342
1211
63
63
0
1820
1223
35
35
1
718
1234
39
39
0
209
1256
47
47
0
509
1251
75
75
0
555
1319
30
30
0
2195
1330
35
35
0
1017
1348
30
30
0
964
1367
51
51
0
979
1372
31
31
0
1281
1401
35
35
1
464
1408
39
39
0
1141
1435
30
30
0
1669
1441
31
31
0
1326
1443
30
30
1
641
1448
39
39
0
1597
1462
30
30
0
1553
1485
30
30
0
1695
1488
31
31
0
1771
1489
39
39
0
1672
1511
83
83
0
1804
1530
43
43
0
1568
1535
35
35
0
1101
1525
59
59
1
686
1557
47
47
0
821
1582
59
59
1
978
1637
39
39
0
1199
1636
63
63
0
1228
1649
30
30
1
902
1669
35
35
0
1195
1671
43
43
1
1144
1679
35
35
0
1297
1686
31
31
0
1427
1715
30
30
0
1181
1740
79
79
0
1808
1780
59
59
0
747
1849
75
75
0
1077
1851
55
55
0
0
1860
75
75
1
1710
1866
31
31
1
2040
1885
39
39
0
988
1910
75
75
0
1854
1909
30
30
0
2090
1966
31
31
