87
0
2124
51
35
35
0
540
76
43
43
0
2346
88
35
35
0
2091
149
35
35
0
2060
244
35
35
0
2003
299
39
39
0
2035
427
55
55
0
2086
509
35
35
0
2004
517
30
30
0
1949
604
30
30
0
2038
621
31
31
0
2001
624
31
31
0
1963
626
30
30
0
2024
659
30
30
0
1952
664
31
31
0
1986
662
30
30
0
1963
684
30
30
0
2012
696
30
30
0
1937
701
31
31
0
1975
699
30
30
1
1893
822
39
39
0
2148
840
31
31
1
1404
870
31
31
0
1471
872
79
79
0
1278
882
35
35
0
1481
893
59
59
1
872
909
55
55
0
0
951
35
35
1
652
970
31
31
1
226
965
63
63
1
355
989
59
59
1
1016
990
51
51
1
367
997
35
35
0
1247
1004
91
91
1
842
1043
55
55
0
1940
1072
43
43
0
1885
1086
59
59
0
2206
1166
30
30
1
655
1220
51
51
0
2102
1226
35
35
1
443
1254
31
31
0
1941
1258
75
75
1
528
1270
43
43
1
169
1282
47
47
1
277
1302
39
39
1
850
1299
39
39
0
540
1315
39
39
0
421
1331
43
43
0
395
1340
31
31
0
302
1351
39
39
1
195
1382
39
39
0
557
1395
31
31
0
1747
1432
30
30
0
1183
1419
91
91
1
209
1457
51
51
0
1740
1466
55
55
0
1728
1479
47
47
0
1920
1482
43
43
1
224
1529
47
47
1
871
1560
35
35
1
623
1596
39
39
0
875
1628
30
30
1
1149
1628
43
43
1
350
1621
71
71
0
1320
1640
43
43
0
868
1651
63
63
0
274
1708
39
39
0
966
1711
39
39
0
939
1729
31
31
1
869
1738
31
31
0
381
1756
30
30
0
29
1788
30
30
1
264
1782
47
47
1
395
1810
51
51
0
2296
1819
43
43
1
49
1816
55
55
0
1960
1827
31
31
0
0
1833
30
30
0
335
1839
30
30
0
2357
1887
35
35
0
230
1920
67
67
0
193
1930
63
63
0
1807
1935
43
43
0
153
1936
67
67
0
1663
1983
67
67
0
1698
2013
35
35
0
1921
2011
39
39
