98
0
15
79
31
31
0
0
95
83
83
0
102
435
75
75
0
140
535
35
35
0
506
540
47
47
0
47
636
31
31
0
108
639
35
35
0
79
641
30
30
0
62
669
35
35
0
95
673
31
31
0
81
707
31
31
0
108
693
71
71
0
824
740
47
47
0
1962
775
51
51
0
2019
773
63
63
0
1972
785
30
30
0
2083
781
59
59
0
2031
787
35
35
0
2095
793
35
35
0
1958
822
55
55
1
193
831
31
31
0
1969
834
30
30
0
2077
830
59
59
0
2028
836
35
35
0
0
841
63
63
0
2089
842
35
35
1
270
862
39
39
1
607
867
47
47
0
1952
869
59
59
0
1967
881
31
31
1
455
887
35
35
0
2078
882
51
51
0
2025
885
35
35
0
2087
892
31
31
0
679
901
31
31
0
1014
913
30
30
0
940
916
47
47
0
758
923
35
35
1
1075
925
47
47
0
907
930
30
30
0
448
971
47
47
0
1923
977
47
47
1
624
988
55
55
1
1683
991
59
59
0
1893
1057
43
43
1
240
1065
30
30
1
2336
1056
75
75
1
401
1095
31
31
0
2233
1098
35
35
1
390
1118
30
30
0
1674
1120
30
30
1
2131
1148
67
67
0
485
1190
43
43
0
2197
1202
31
31
0
1265
1208
31
31
0
1814
1213
47
47
1
717
1230
43
43
0
451
1236
30
30
0
512
1236
47
47
0
209
1256
47
47
0
379
1285
55
55
0
408
1291
30
30
0
2198
1334
31
31
0
488
1354
67
67
0
968
1363
47
47
0
1172
1386
79
79
0
1277
1395
35
35
1
464
1404
43
43
0
1325
1441
31
31
1
641
1446
43
43
0
1538
1476
43
43
0
456
1499
55
55
0
1101
1520
63
63
0
1807
1530
43
43
1
686
1557
47
47
1
555
1585
30
30
1
978
1637
39
39
0
1199
1636
63
63
0
1228
1649
30
30
1
902
1669
35
35
0
1195
1671
43
43
1
1144
1679
35
35
0
1297
1686
31
31
1
1623
1716
30
30
0
1182
1739
75
75
0
2130
1776
30
30
0
1809
1784
51
51
0
2081
1823
63
63
0
2084
1828
30
30
0
1070
1847
63
63
1
1710
1866
31
31
1
2036
1883
43
43
0
1854
1909
30
30
0
2045
1938
47
47
0
2139
1963
30
30
0
1856
1968
79
79
0
1907
1987
63
63
0
1949
1995
55
55
