82
0
540
76
43
43
0
2346
88
35
35
0
2091
149
35
35
0
2261
315
31
31
0
1230
560
31
31
0
2034
617
39
39
0
1960
618
43
43
0
2001
623
31
31
0
2024
659
30
30
0
1951
662
30
30
0
1986
662
30
30
0
1933
700
35
35
0
1975
697
30
30
0
2010
697
30
30
0
427
722
31
31
0
1101
754
31
31
0
2146
840
30
30
0
1793
843
79
79
0
1799
861
47
47
0
1471
876
75
75
0
1830
881
31
31
0
1948
863
91
91
0
1480
891
63
63
0
1013
903
55
55
0
1016
910
71
71
1
872
907
59
59
0
743
897
87
87
0
1900
930
83
83
0
0
951
35
35
1
652
970
31
31
1
226
965
63
63
1
1251
976
31
31
0
1918
981
63
63
1
359
995
51
51
1
367
997
35
35
1
845
1045
51
51
0
1885
1094
59
59
1
642
1214
63
63
0
2100
1226
39
39
1
443
1254
31
31
1
528
1272
39
39
1
166
1280
51
51
1
406
1286
39
39
1
281
1306
35
35
1
850
1299
39
39
0
425
1330
35
35
0
307
1349
30
30
1
195
1380
39
39
0
1183
1417
95
95
1
209
1458
47
47
0
449
1483
35
35
1
228
1533
43
43
1
859
1546
59
59
1
871
1560
35
35
0
424
1565
43
43
0
1630
1564
63
63
1
623
1596
39
39
0
875
1628
30
30
1
1149
1628
43
43
1
366
1637
39
39
0
1199
1651
31
31
1
978
1659
39
39
0
1425
1653
63
63
1
1248
1664
35
35
0
1162
1678
35
35
0
355
1684
83
83
1
865
1734
39
39
0
384
1742
30
30
0
367
1742
71
71
0
29
1790
30
30
1
265
1787
39
39
0
651
1816
39
39
1
53
1815
51
51
0
0
1834
30
30
0
335
1839
30
30
0
1401
1857
31
31
0
2357
1887
35
35
0
230
1920
67
67
0
195
1930
63
63
0
153
1936
67
67
0
1698
2016
31
31
0
1921
2011
39
39
