107
0
323
106
39
39
0
327
159
30
30
0
53
176
30
30
0
323
200
43
43
0
305
244
63
63
0
147
334
51
51
0
141
537
30
30
0
506
540
47
47
0
45
636
35
35
0
74
636
35
35
0
106
639
35
35
0
93
673
35
35
0
123
676
35
35
0
1940
757
31
31
0
1962
775
51
51
0
2019
772
63
63
0
1972
785
30
30
0
2031
787
35
35
0
2095
793
35
35
0
1958
822
55
55
1
188
831
43
43
0
2020
826
55
55
0
1970
834
31
31
0
2028
836
35
35
0
0
841
63
63
0
2089
842
35
35
1
270
862
39
39
0
1956
870
51
51
1
610
874
43
43
0
1967
881
31
31
0
2025
885
35
35
0
2086
891
35
35
0
679
901
31
31
0
1014
913
30
30
0
936
918
59
59
0
762
927
31
31
1
1069
927
59
59
0
907
930
30
30
0
1039
941
39
39
0
990
945
43
43
0
442
983
47
47
0
505
984
67
67
0
562
984
39
39
1
624
990
55
55
1
1683
991
59
59
0
966
1003
35
35
0
1271
1021
47
47
0
1892
1055
47
47
1
236
1067
35
35
0
2095
1067
67
67
1
382
1092
59
59
0
2224
1097
59
59
1
544
1109
47
47
0
1674
1120
30
30
0
1574
1138
47
47
1
2135
1148
63
63
0
1768
1171
39
39
0
1526
1180
39
39
0
1651
1195
30
30
0
1819
1218
43
43
0
411
1222
75
75
1
718
1234
39
39
0
516
1238
39
39
0
209
1256
47
47
0
1018
1347
35
35
0
979
1372
31
31
0
1172
1386
83
83
0
1271
1395
43
43
0
2153
1386
67
67
1
464
1404
43
43
0
1322
1441
31
31
0
1671
1443
30
30
1
641
1446
43
43
0
1599
1462
30
30
0
1554
1485
30
30
0
1685
1488
39
39
0
1807
1528
43
43
0
1573
1541
30
30
0
1127
1542
30
30
1
690
1559
39
39
0
1169
1543
79
79
1
555
1582
30
30
0
817
1591
30
30
0
1212
1611
55
55
1
982
1643
31
31
0
1288
1646
55
55
0
1228
1649
30
30
1
904
1671
30
30
1
1144
1678
35
35
0
1289
1681
47
47
1
1623
1716
30
30
0
1647
1742
47
47
0
1182
1742
75
75
1
1746
1741
30
30
1
1623
1758
30
30
0
1808
1782
55
55
0
1489
1850
43
43
0
1077
1851
55
55
1
1710
1866
31
31
1
2036
1880
43
43
0
1779
1888
30
30
0
1853
1909
30
30
0
990
1914
71
71
0
1866
1975
71
71
0
1907
1987
63
63
0
1949
1995
55
55
0
823
1995
55
55
