104
0
867
50
43
43
0
1153
358
30
30
0
1204
702
47
47
0
708
733
43
43
0
654
739
39
39
0
1368
742
39
39
0
592
743
43
43
0
712
782
39
39
0
658
792
31
31
0
599
795
35
35
0
715
830
35
35
0
2377
830
71
71
0
657
834
39
39
0
602
841
35
35
1
2026
845
51
51
0
2149
853
59
59
0
1928
879
51
51
0
1691
884
43
43
1
1560
894
51
51
1
1570
898
31
31
0
1902
899
30
30
0
1667
921
30
30
1
1337
943
47
47
1
962
951
47
47
1
1074
971
47
47
1
1672
971
47
47
1
1080
976
31
31
1
340
1013
51
51
1
1520
1027
39
39
0
1873
1030
79
79
0
2418
1075
30
30
0
525
1097
39
39
0
343
1144
31
31
0
1857
1156
35
35
0
1847
1161
67
67
0
448
1175
30
30
0
235
1195
31
31
0
482
1190
71
71
1
1296
1202
43
43
0
327
1230
30
30
1
1085
1232
43
43
0
186
1247
39
39
1
1165
1250
39
39
1
834
1264
43
43
1
1449
1276
39
39
1
928
1285
35
35
0
254
1288
30
30
0
1165
1297
35
35
0
1055
1313
31
31
0
1178
1325
30
30
0
1409
1321
47
47
0
2260
1330
39
39
1
832
1364
35
35
0
885
1376
35
35
0
1160
1374
31
31
0
1048
1392
30
30
0
944
1406
67
67
0
1720
1399
75
75
1
831
1442
39
39
0
1152
1446
71
71
0
1141
1455
43
43
0
1043
1464
71
71
0
381
1472
31
31
0
1040
1467
31
31
0
1732
1478
31
31
0
487
1492
39
39
0
912
1483
51
51
0
532
1495
63
63
0
402
1512
43
43
1
828
1515
39
39
0
1752
1533
39
39
1
1407
1537
35
35
0
243
1552
47
47
0
2134
1554
47
47
0
425
1573
31
31
1
1174
1576
39
39
0
2141
1587
35
35
0
0
1602
30
30
0
310
1606
31
31
1
1643
1607
35
35
1
929
1619
39
39
0
1406
1632
30
30
1
1720
1643
31
31
0
1153
1667
87
87
0
2395
1692
35
35
0
835
1692
31
31
0
939
1700
30
30
0
1241
1712
30
30
0
948
1738
31
31
0
568
1754
63
63
1
800
1766
43
43
0
466
1778
51
51
1
512
1790
30
30
1
919
1796
43
43
1
594
1795
55
55
0
812
1812
47
47
0
857
1824
31
31
0
0
1835
63
63
0
0
1885
30
30
1
478
1878
47
47
0
2051
1900
35
35
0
704
1895
83
83
0
660
1918
63
63
0
1818
1999
51
51
