93
0
2125
55
31
31
0
540
76
43
43
0
2094
153
31
31
0
2060
244
35
35
0
1995
298
47
47
0
2250
303
51
51
0
785
362
30
30
0
2006
517
30
30
0
1949
604
30
30
0
2038
621
31
31
0
2001
624
31
31
0
1963
626
30
30
0
2024
659
30
30
0
1986
664
30
30
0
1973
697
35
35
0
2012
696
30
30
0
1937
702
31
31
0
1101
754
31
31
1
1889
816
47
47
0
2144
836
35
35
1
1393
870
47
47
0
1242
848
107
107
0
1471
872
79
79
0
1282
883
31
31
0
1945
867
95
95
0
1480
891
63
63
0
743
897
87
87
1
884
917
35
35
0
0
951
35
35
0
1900
931
87
87
1
644
968
47
47
1
652
970
31
31
1
225
963
67
67
0
1918
981
63
63
1
1016
990
51
51
1
366
995
39
39
0
1247
1004
91
91
1
845
1045
51
51
1
659
1224
43
43
0
2100
1226
39
39
1
435
1249
47
47
0
1937
1255
79
79
1
528
1270
39
39
1
169
1277
47
47
1
406
1289
35
35
1
834
1282
71
71
1
277
1302
39
39
1
850
1299
39
39
0
554
1314
71
71
0
540
1315
39
39
0
428
1335
31
31
0
396
1339
30
30
0
816
1341
39
39
0
987
1349
30
30
1
195
1380
39
39
0
1384
1391
30
30
0
557
1395
31
31
0
2102
1409
31
31
0
430
1412
43
43
1
213
1460
43
43
0
883
1479
30
30
0
1919
1482
43
43
1
231
1533
39
39
1
871
1560
35
35
0
430
1564
39
39
1
615
1586
59
59
1
1152
1628
43
43
1
978
1660
39
39
1
1251
1666
31
31
0
1159
1676
39
39
0
966
1709
39
39
0
939
1729
31
31
1
865
1739
35
35
0
378
1750
43
43
0
382
1756
30
30
1
257
1774
59
59
0
29
1788
30
30
1
402
1813
43
43
0
2296
1819
43
43
0
650
1814
43
43
1
53
1815
51
51
0
0
1833
30
30
0
335
1839
30
30
0
1399
1857
35
35
0
230
1920
67
67
0
195
1930
63
63
0
1805
1935
43
43
0
162
1938
43
43
0
177
1973
31
31
0
1080
1987
31
31
0
1663
1979
71
71
0
1698
2014
35
35
0
806
2007
43
43
