71
0
0
16
35
35
0
553
42
39
39
0
0
301
63
63
0
448
369
43
43
0
337
401
79
79
0
650
509
30
30
0
636
606
31
31
0
671
609
30
30
0
707
612
30
30
0
645
642
31
31
0
682
645
30
30
0
717
649
30
30
0
655
675
39
39
0
693
682
30
30
0
728
684
31
31
0
635
767
91
91
1
755
803
47
47
0
506
813
63
63
0
651
809
59
59
0
1111
811
83
83
1
845
837
39
39
1
1234
847
51
51
1
1055
862
39
39
0
1322
880
31
31
0
1405
889
39
39
1
1752
893
63
63
0
1052
943
63
63
1
1223
965
63
63
1
2389
973
59
59
1
753
1042
39
39
1
936
1070
35
35
1
829
1078
30
30
1
918
1092
31
31
0
2379
1097
30
30
0
2254
1099
63
63
1
1010
1106
31
31
1
783
1126
30
30
0
1756
1124
31
31
0
824
1129
71
71
0
2339
1173
30
30
0
2250
1208
31
31
0
956
1207
30
30
0
663
1230
55
55
1
828
1264
31
31
0
965
1270
43
43
0
1732
1326
31
31
0
1769
1383
55
55
1
936
1389
35
35
0
1895
1405
51
51
0
1704
1412
30
30
1
1128
1426
43
43
0
2211
1435
30
30
0
2156
1456
31
31
1
1327
1459
63
63
0
2389
1468
35
35
0
2248
1474
67
67
0
2172
1497
75
75
0
2199
1510
39
39
0
2203
1508
59
59
0
1115
1521
55
55
0
1304
1542
87
87
1
1465
1613
39
39
0
1824
1626
43
43
1
2169
1690
31
31
1
2307
1716
31
31
0
1726
1717
79
79
0
2202
1727
43
43
0
2233
1728
35
35
1
2166
1732
31
31
0
2358
1749
63
63
0
2254
1778
39
39
