77
0
557
46
31
31
0
584
140
35
35
0
609
234
30
30
0
0
301
63
63
0
646
317
43
43
0
633
325
35
35
0
444
365
51
51
0
886
370
30
30
0
338
405
71
71
0
412
442
87
87
0
526
471
35
35
0
636
606
31
31
0
671
609
30
30
0
707
612
31
31
0
647
642
30
30
0
682
645
30
30
0
717
649
30
30
0
656
676
35
35
0
693
682
30
30
0
728
684
31
31
0
1513
736
30
30
0
504
813
63
63
0
1125
822
67
67
1
845
837
39
39
1
1053
862
39
39
0
645
850
91
91
0
1322
881
31
31
0
1576
906
31
31
0
1029
946
51
51
0
1098
970
31
31
1
1231
969
51
51
0
1161
973
30
30
1
2393
976
55
55
0
1138
1023
30
30
1
755
1043
35
35
1
939
1074
31
31
1
916
1095
31
31
1
1108
1092
31
31
0
2379
1097
30
30
1
1011
1109
30
30
0
2266
1120
30
30
1
783
1126
30
30
0
1756
1123
31
31
0
906
1139
79
79
0
2203
1158
35
35
0
2339
1173
30
30
0
1733
1196
35
35
0
1776
1201
43
43
1
1261
1198
83
83
1
1275
1211
39
39
0
665
1234
51
51
1
828
1265
30
30
1
932
1385
43
43
0
1897
1403
55
55
0
2299
1418
30
30
0
62
1442
47
47
0
2156
1456
31
31
0
2293
1462
59
59
1
1328
1462
59
59
0
2392
1463
39
39
1
883
1488
39
39
0
1097
1499
83
83
0
2199
1504
39
39
0
2205
1512
55
55
0
1312
1556
71
71
1
1367
1646
35
35
1
2172
1689
31
31
0
1726
1713
83
83
0
2251
1729
55
55
0
2355
1749
67
67
1
2372
1804
51
51
0
1190
1820
30
30
1
2226
1834
47
47
0
530
1841
79
79
0
2310
1862
31
31
0
2388
1882
30
30
0
1600
1901
35
35
