84
0
2123
51
35
35
0
540
78
43
43
0
2346
88
35
35
0
2091
149
35
35
0
2060
244
35
35
0
797
379
30
30
0
2034
423
59
59
0
2091
512
30
30
0
2038
621
31
31
0
2001
624
31
31
0
1963
626
30
30
0
2026
658
30
30
0
1949
662
35
35
0
1986
662
30
30
0
1770
676
55
55
0
1973
695
35
35
0
1933
698
39
39
0
2010
697
30
30
0
425
722
31
31
0
1101
754
31
31
0
1964
802
83
83
0
2144
836
35
35
0
1471
872
79
79
0
1480
891
63
63
0
1014
905
47
47
1
872
911
59
59
0
1031
928
47
47
0
954
922
59
59
0
0
949
35
35
1
652
970
31
31
1
226
966
63
63
0
1918
981
63
63
1
367
997
35
35
0
1910
1011
47
47
0
1918
1029
35
35
1
845
1045
51
51
0
855
1055
30
30
0
1941
1072
43
43
0
1892
1092
47
47
0
776
1099
39
39
0
729
1134
103
103
0
2206
1166
30
30
1
656
1222
47
47
0
2100
1226
39
39
1
435
1245
47
47
0
1939
1255
79
79
1
528
1268
43
43
1
169
1275
47
47
1
406
1286
39
39
1
277
1302
39
39
1
846
1295
47
47
1
191
1378
43
43
0
1384
1391
30
30
0
2104
1410
30
30
0
1187
1421
87
87
1
213
1460
43
43
0
1920
1482
43
43
1
231
1533
39
39
1
871
1560
35
35
0
1631
1563
59
59
1
615
1588
55
55
0
868
1629
35
35
1
1148
1626
47
47
1
362
1633
47
47
0
1320
1640
47
47
0
609
1640
79
79
1
1251
1666
31
31
0
1428
1669
35
35
0
278
1710
31
31
0
382
1715
31
31
1
261
1777
51
51
0
21
1788
35
35
0
2298
1823
39
39
1
53
1815
51
51
0
0
1833
30
30
0
335
1839
30
30
0
228
1920
67
67
0
193
1930
63
63
0
1805
1935
43
43
0
153
1936
67
67
0
1662
1975
75
75
0
1698
2016
31
31
0
1921
2011
39
39
0
1473
2019
30
30
