107
0
380
0
67
67
0
17
79
31
31
0
313
106
51
51
0
0
142
67
67
0
327
159
30
30
0
53
174
31
31
0
92
268
30
30
0
141
537
30
30
0
506
540
47
47
0
47
636
31
31
0
75
634
39
39
0
106
639
35
35
0
95
673
31
31
0
1962
775
51
51
0
2083
778
63
63
0
1972
785
30
30
0
2031
787
35
35
0
2095
793
35
35
0
1958
822
55
55
1
193
831
31
31
0
1970
834
31
31
0
2077
830
59
59
0
0
837
67
67
0
2028
836
35
35
0
2089
842
35
35
1
270
862
39
39
0
1955
868
55
55
1
610
874
43
43
0
1967
881
31
31
0
2025
885
35
35
0
2086
891
35
35
0
679
901
31
31
0
1016
913
30
30
0
936
916
59
59
0
758
923
35
35
0
905
930
35
35
1
1075
927
47
47
0
990
949
39
39
0
519
987
43
43
0
560
994
30
30
1
633
998
35
35
1
1679
989
63
63
0
966
1001
39
39
0
1271
1021
47
47
0
1893
1056
43
43
1
236
1067
35
35
1
2325
1050
87
87
0
2100
1072
51
51
0
582
1065
79
79
1
385
1092
59
59
0
2226
1095
43
43
1
550
1119
35
35
0
1674
1120
30
30
0
1563
1124
63
63
0
1764
1157
55
55
1
2131
1148
67
67
0
1525
1176
47
47
0
1649
1167
87
87
0
1329
1165
103
103
0
1651
1195
30
30
0
1812
1212
51
51
0
418
1227
67
67
1
713
1226
51
51
0
516
1238
39
39
0
205
1252
55
55
0
727
1264
30
30
0
760
1282
30
30
0
529
1315
59
59
0
2195
1330
35
35
0
1019
1349
31
31
0
965
1370
47
47
0
1174
1386
79
79
0
2153
1386
67
67
1
464
1408
39
39
0
1314
1434
43
43
0
1672
1444
30
30
1
641
1448
39
39
0
1597
1461
30
30
0
508
1467
55
55
0
1551
1485
30
30
0
1772
1495
30
30
0
1101
1520
63
63
0
1807
1528
43
43
0
1568
1535
35
35
0
1695
1547
31
31
1
686
1557
47
47
1
555
1583
30
30
0
822
1585
55
55
0
1216
1615
47
47
0
1290
1650
51
51
0
1228
1649
30
30
1
901
1663
47
47
0
1195
1671
43
43
1
1144
1678
35
35
0
982
1685
35
35
0
1182
1740
75
75
0
2128
1778
30
30
0
1809
1786
51
51
0
2082
1827
30
30
0
749
1849
75
75
0
1077
1851
55
55
0
1854
1909
30
30
0
990
1914
71
71
0
1137
1925
30
30
0
2086
1964
35
35
1
2168
1974
39
39
0
986
1985
35
35
