85
0
0
16
35
35
0
557
46
31
31
0
0
225
31
31
0
609
234
30
30
0
220
238
30
30
0
0
297
63
63
0
448
369
43
43
0
338
407
67
67
0
640
459
55
55
0
649
509
31
31
0
636
606
31
31
0
671
609
30
30
0
707
612
31
31
0
649
644
30
30
0
682
645
30
30
0
717
649
30
30
0
655
675
39
39
0
693
682
30
30
0
728
685
31
31
1
758
802
39
39
0
502
813
67
67
0
690
817
39
39
1
847
841
35
35
1
1051
855
47
47
1
1241
852
43
43
0
1356
863
55
55
0
1407
899
35
35
1
1753
895
59
59
0
1052
945
63
63
1
1227
965
55
55
1
2393
976
55
55
0
1611
967
67
67
1
759
1040
31
31
1
936
1070
35
35
1
829
1078
30
30
0
2375
1092
35
35
1
918
1095
31
31
1
1107
1092
35
35
1
1010
1108
31
31
0
2264
1120
31
31
1
782
1126
31
31
0
922
1128
51
51
0
2204
1148
51
51
0
2339
1173
30
30
0
2370
1176
30
30
0
1900
1189
31
31
0
865
1191
39
39
0
837
1187
67
67
0
1778
1201
43
43
0
2250
1210
30
30
1
1274
1210
43
43
0
663
1230
55
55
1
824
1263
35
35
0
862
1260
59
59
0
886
1261
43
43
0
968
1270
43
43
0
946
1273
79
79
0
1732
1326
31
31
0
1651
1334
71
71
0
1768
1381
59
59
1
936
1389
35
35
0
1899
1408
43
43
0
2298
1415
30
30
0
59
1442
47
47
0
2147
1452
39
39
0
913
1453
83
83
1
1327
1459
63
63
0
72
1479
30
30
0
1095
1499
87
87
0
2201
1511
35
35
0
899
1534
35
35
0
1317
1556
67
67
0
861
1589
71
71
0
1720
1633
39
39
0
1991
1703
39
39
0
1648
1706
30
30
0
1617
1707
30
30
1
2303
1712
39
39
0
1726
1717
79
79
0
1647
1757
75
75
0
2372
1760
51
51
0
2254
1778
39
39
1
2368
1802
55
55
0
530
1841
79
79
0
2388
1882
30
30
