106
0
17
79
31
31
0
0
95
83
83
0
320
106
39
39
0
327
159
30
30
0
53
174
31
31
0
90
268
30
30
0
141
537
31
31
0
506
540
47
47
0
45
620
67
67
0
106
639
35
35
0
93
673
35
35
0
123
676
35
35
0
711
713
30
30
0
1962
775
51
51
0
2019
774
59
59
0
1972
785
30
30
0
2083
781
59
59
0
1247
791
39
39
0
2031
787
35
35
0
2095
793
35
35
0
1966
828
39
39
1
191
831
30
30
0
0
837
67
67
0
2028
836
35
35
0
2081
834
55
55
0
2089
842
35
35
0
130
845
39
39
1
270
862
39
39
1
610
872
43
43
0
1956
871
51
51
0
2010
873
63
63
0
1967
881
31
31
1
453
886
39
39
0
2074
879
59
59
0
2025
885
35
35
0
2086
891
35
35
0
618
899
31
31
0
679
901
31
31
0
1016
913
30
30
0
936
916
59
59
0
758
923
35
35
0
909
932
31
31
0
990
945
43
43
0
449
971
47
47
1
629
997
43
43
1
1683
989
59
59
0
2102
1000
31
31
0
966
1001
39
39
0
1271
1021
47
47
0
1892
1054
47
47
1
240
1068
31
31
0
2096
1070
55
55
1
401
1095
31
31
1
309
1103
30
30
0
2227
1102
39
39
0
1554
1108
83
83
0
1674
1120
30
30
1
2131
1148
67
67
0
1517
1164
59
59
0
1766
1171
39
39
0
1264
1213
31
31
0
1814
1213
47
47
1
712
1220
63
63
0
418
1227
67
67
0
209
1254
51
51
0
512
1264
43
43
0
470
1295
39
39
0
1017
1348
30
30
0
967
1362
51
51
0
1172
1386
79
79
1
455
1394
63
63
0
1674
1444
31
31
1
641
1448
39
39
0
1597
1462
30
30
0
1551
1485
30
30
0
653
1481
71
71
0
1770
1493
31
31
0
1692
1492
31
31
0
1569
1535
35
35
0
1816
1536
31
31
0
631
1542
59
59
0
1768
1560
30
30
0
820
1582
59
59
1
979
1639
35
35
0
1291
1651
43
43
0
1228
1649
30
30
1
901
1661
47
47
0
1195
1671
43
43
1
1144
1679
35
35
0
1294
1689
31
31
0
982
1685
35
35
0
1426
1715
30
30
1
1622
1718
31
31
0
1651
1746
43
43
0
1809
1784
51
51
0
748
1849
71
71
0
1077
1851
55
55
1
1710
1866
35
35
1
2036
1880
43
43
0
1779
1888
30
30
0
1854
1909
30
30
0
990
1914
71
71
1
2165
1971
39
39
0
1868
1978
67
67
0
1907
1987
63
63
0
1958
2015
35
35
