84
0
2122
48
39
39
0
2089
146
39
39
0
2058
241
39
39
0
2091
511
30
30
0
2006
517
30
30
0
1230
560
31
31
0
2038
621
31
31
0
1998
624
35
35
0
1963
626
30
30
0
2024
659
30
30
0
1952
662
31
31
0
1987
662
30
30
0
1973
697
35
35
0
1936
700
35
35
0
2010
697
30
30
0
427
722
31
31
0
456
751
30
30
0
1101
754
31
31
1
1897
826
31
31
0
1797
844
71
71
0
1243
851
103
103
0
1469
872
83
83
0
1980
893
31
31
0
1477
891
63
63
0
1013
901
55
55
0
1016
910
71
71
1
872
911
59
59
0
1067
917
39
39
0
743
897
87
87
0
1896
931
91
91
0
0
951
35
35
1
644
966
47
47
1
1232
957
63
63
1
225
963
67
67
0
1918
981
63
63
1
358
991
55
55
1
1016
990
51
51
0
99
1000
30
30
1
837
1037
67
67
1
659
1224
43
43
1
443
1254
31
31
1
528
1270
39
39
1
169
1282
47
47
1
406
1286
39
39
1
281
1306
35
35
1
850
1299
39
39
0
540
1315
39
39
0
428
1337
30
30
0
396
1340
30
30
1
195
1380
39
39
0
1384
1391
30
30
0
1183
1417
91
91
1
213
1458
43
43
0
451
1487
30
30
0
1961
1488
31
31
0
1741
1498
31
31
0
1628
1509
55
55
1
228
1531
43
43
1
871
1560
35
35
0
1631
1567
55
55
1
615
1585
59
59
0
1582
1605
30
30
0
1559
1615
31
31
0
1745
1613
75
75
0
875
1631
31
31
1
354
1623
67
67
1
1156
1634
31
31
0
1320
1640
47
47
0
614
1647
39
39
1
978
1662
39
39
1
1251
1666
31
31
0
1162
1679
35
35
0
2073
1723
67
67
1
861
1733
43
43
0
382
1756
30
30
1
264
1778
51
51
0
335
1839
30
30
0
230
1920
67
67
0
195
1930
63
63
0
1807
1935
43
43
0
153
1936
67
67
0
1666
1983
67
67
0
1694
2018
30
30
0
1921
2011
39
39
