85
0
553
42
39
39
0
0
297
63
63
0
650
324
35
35
0
444
361
55
55
0
342
408
63
63
0
650
509
30
30
0
556
529
35
35
0
636
606
31
31
0
671
609
30
30
0
707
612
30
30
0
647
644
30
30
0
682
645
30
30
0
717
649
30
30
0
655
675
39
39
0
725
682
35
35
0
691
682
30
30
1
755
803
47
47
0
504
813
63
63
0
689
814
51
51
1
845
837
39
39
1
1241
851
43
43
1
1055
862
39
39
0
653
856
71
71
0
1322
881
31
31
0
1407
899
35
35
1
1752
899
63
63
0
1719
918
39
39
0
1031
950
43
43
0
1388
956
43
43
0
1088
961
51
51
0
1166
961
30
30
0
1098
970
31
31
1
1231
969
47
47
1
2405
978
43
43
0
1155
993
67
67
1
755
1043
35
35
0
1740
1083
55
55
1
1105
1094
39
39
0
2366
1088
51
51
1
1008
1106
30
30
0
2266
1120
30
30
1
783
1126
30
30
0
1749
1120
39
39
0
2205
1160
31
31
0
2339
1173
30
30
0
2370
1176
30
30
0
868
1190
35
35
0
1733
1196
35
35
0
1778
1201
43
43
0
2249
1208
31
31
0
924
1204
83
83
1
1274
1210
43
43
0
664
1230
55
55
0
1992
1244
30
30
1
828
1265
30
30
0
861
1257
75
75
0
969
1272
39
39
0
942
1270
83
83
0
1732
1326
31
31
0
1658
1331
59
59
0
1768
1379
63
63
1
936
1389
35
35
0
1911
1414
31
31
0
1697
1408
39
39
0
2299
1418
30
30
0
2208
1428
39
39
0
904
1451
99
99
0
2156
1458
30
30
1
1331
1461
55
55
0
2391
1467
30
30
0
1095
1499
87
87
0
2203
1514
35
35
0
2376
1530
31
31
0
1323
1570
31
31
1
1639
1649
43
43
0
1424
1663
30
30
1
2303
1712
39
39
0
1726
1715
83
83
0
2360
1757
47
47
1
2369
1804
51
51
0
1219
1837
47
47
1
2226
1831
47
47
0
2056
1845
35
35
0
2388
1882
30
30
0
1636
1897
55
55
