101
0
1153
358
30
30
0
1204
694
47
47
0
588
736
55
55
0
650
737
43
43
0
716
740
31
31
0
1370
742
39
39
0
596
747
35
35
0
708
778
47
47
0
716
786
31
31
0
658
792
31
31
0
599
793
35
35
0
712
828
39
39
0
2381
829
67
67
0
657
836
35
35
0
602
841
35
35
1
2026
845
51
51
0
2385
854
31
31
0
2147
853
63
63
0
1883
880
43
43
1
1560
894
51
51
0
1900
898
30
30
0
1662
914
35
35
1
1340
943
47
47
0
1883
955
30
30
1
962
951
47
47
1
1072
973
47
47
1
1672
971
43
43
1
1080
976
31
31
0
567
1003
30
30
1
333
1004
63
63
0
2418
1074
30
30
0
341
1144
30
30
0
1853
1154
39
39
0
1847
1161
67
67
0
481
1188
75
75
1
1294
1201
43
43
0
358
1225
30
30
1
1085
1230
43
43
1
1163
1247
43
43
1
830
1262
47
47
1
1048
1266
39
39
1
1446
1274
43
43
1
927
1285
35
35
0
1166
1299
31
31
0
1055
1313
31
31
0
2260
1330
39
39
1
832
1364
35
35
0
1055
1387
71
71
0
2266
1391
39
39
0
1522
1404
35
35
0
944
1406
67
67
0
1717
1397
79
79
1
828
1438
43
43
0
1033
1466
39
39
0
384
1475
30
30
0
996
1476
43
43
0
1732
1478
31
31
0
920
1488
39
39
0
492
1495
30
30
0
2291
1510
47
47
0
402
1510
43
43
1
828
1517
39
39
0
307
1519
30
30
0
1750
1528
43
43
1
1398
1525
55
55
1
1409
1539
30
30
0
996
1539
71
71
0
240
1541
67
67
0
411
1550
30
30
0
2011
1553
79
79
1
1170
1572
47
47
0
2141
1585
39
39
0
312
1606
31
31
1
1639
1605
39
39
0
1777
1618
59
59
1
929
1619
39
39
0
1390
1626
71
71
1
1720
1641
31
31
1
1478
1643
31
31
0
1633
1653
39
39
0
1417
1680
31
31
0
1198
1687
30
30
0
2392
1691
39
39
0
831
1692
30
30
1
1156
1693
35
35
1
1360
1716
30
30
0
950
1738
31
31
1
504
1742
35
35
1
370
1768
35
35
0
571
1771
39
39
1
804
1769
39
39
1
594
1797
51
51
0
813
1818
35
35
0
857
1822
31
31
0
0
1843
47
47
0
0
1886
30
30
0
744
1905
39
39
0
1977
1907
51
51
0
697
1912
59
59
0
666
1928
51
51
0
1815
1995
55
55
