68
0
0
16
35
35
0
52
119
83
83
0
0
297
63
63
0
434
359
75
75
0
338
405
71
71
0
649
509
30
30
0
636
606
31
31
0
671
609
30
30
0
707
612
30
30
0
647
642
30
30
0
682
645
30
30
0
717
649
30
30
0
655
675
39
39
0
691
682
30
30
0
728
684
31
31
1
757
800
43
43
0
504
813
63
63
0
690
817
39
39
0
1111
811
83
83
0
1427
829
30
30
1
845
837
39
39
1
1233
840
59
59
1
1053
862
39
39
1
1753
901
59
59
0
1027
931
91
91
0
1055
948
59
59
1
1224
963
59
59
1
2393
976
55
55
0
471
1034
31
31
1
755
1042
39
39
1
937
1070
35
35
1
919
1097
30
30
0
2377
1098
30
30
1
1010
1106
31
31
0
2266
1120
30
30
1
782
1124
30
30
0
1749
1120
39
39
0
926
1129
43
43
0
2339
1170
30
30
0
2370
1176
30
30
0
865
1192
39
39
0
2247
1205
35
35
1
1267
1203
51
51
0
661
1228
59
59
1
828
1265
30
30
0
969
1272
39
39
0
1732
1326
31
31
1
936
1389
35
35
0
1897
1405
55
55
1
1128
1424
43
43
0
2211
1436
30
30
0
2156
1458
30
30
1
1326
1453
71
71
0
2393
1466
31
31
0
1104
1507
71
71
0
2201
1511
35
35
0
2376
1531
30
30
0
1296
1540
103
103
0
1739
1606
30
30
0
924
1628
31
31
1
2303
1712
39
39
0
2358
1751
63
63
0
2255
1781
31
31
1
2369
1804
51
51
0
1219
1834
43
43
1
2226
1832
47
47
0
2310
1863
31
31
0
2388
1882
30
30
