51
0
625
221
30
30
0
602
224
30
30
0
578
227
30
30
0
630
246
30
30
0
607
250
30
30
0
584
252
30
30
0
635
272
30
30
0
612
274
30
30
0
589
278
30
30
0
1132
279
65
65
0
999
310
30
30
0
962
318
41
41
0
1536
330
36
36
0
1445
343
31
31
0
1416
380
30
30
1
928
400
30
30
0
880
420
39
39
0
1440
521
30
30
1
781
523
30
30
1
728
527
30
30
1
674
532
30
30
0
1477
534
33
33
0
1190
540
39
39
0
1394
542
30
30
0
1194
544
30
30
0
1232
558
30
30
0
680
563
46
46
0
1152
565
30
30
0
1370
572
30
30
1
643
574
30
30
0
1133
592
30
30
0
1380
594
30
30
0
681
607
30
30
0
739
607
44
44
0
1146
616
30
30
1
653
620
30
30
0
787
640
30
30
0
689
650
30
30
0
750
654
39
39
1
662
662
30
30
0
747
681
44
44
1
951
710
31
31
1
836
719
31
31
0
1379
719
31
31
1
723
728
31
31
0
1180
724
36
36
0
728
764
39
39
0
1163
759
30
30
0
1155
779
44
44
0
1555
797
44
44
0
1473
829
30
30
