37
0
1174
59
30
30
0
1142
61
30
30
0
1112
62
30
30
0
976
93
44
44
0
1108
96
30
30
0
1139
94
30
30
0
1169
94
30
30
0
1164
127
30
30
0
1134
128
30
30
0
1104
129
30
30
0
929
143
30
30
1
1110
471
31
31
1
1252
473
33
33
1
1180
473
30
30
1
1049
520
30
30
0
1175
526
33
33
1
1043
581
31
31
1
1044
581
30
30
0
1235
591
33
33
0
1393
614
30
30
1
1036
638
30
30
0
1223
651
31
31
0
1381
674
62
62
1
1084
732
39
39
1
1234
743
41
41
0
1078
781
44
44
1
1218
843
30
30
0
1436
915
46
46
0
1421
921
30
30
0
957
922
30
30
0
1190
931
30
30
0
936
936
30
30
0
956
938
30
30
0
1440
950
36
36
0
936
950
30
30
0
954
952
30
30
0
1570
968
30
30
