50
0
777
454
52
52
0
955
487
33
33
0
1507
505
33
33
0
1533
501
30
30
0
952
507
30
30
0
1556
505
30
30
0
1525
517
30
30
0
1541
527
33
33
1
976
530
30
30
0
1495
529
30
30
0
1515
532
30
30
0
822
580
30
30
0
851
586
30
30
0
881
594
30
30
0
1350
596
30
30
0
1311
600
30
30
0
822
604
30
30
0
1433
602
30
30
0
850
612
30
30
0
1237
615
30
30
0
1289
616
30
30
0
1380
614
30
30
0
880
619
30
30
0
1554
623
30
30
0
821
628
30
30
0
955
638
41
41
0
849
635
30
30
0
1384
636
30
30
0
1296
635
30
30
0
1127
664
30
30
0
1099
667
30
30
1
823
668
30
30
0
1083
678
30
30
0
1152
680
30
30
0
813
689
49
49
1
889
686
30
30
1
959
706
30
30
0
887
710
30
30
0
1263
708
30
30
0
1298
705
30
30
0
1244
719
30
30
0
1325
723
30
30
0
951
730
39
39
0
1331
741
30
30
0
966
775
36
36
0
1497
788
31
31
0
1155
814
41
41
0
1161
818
30
30
0
1285
830
30
30
0
1437
844
30
30
