43
0
965
556
30
30
0
983
560
30
30
0
963
572
30
30
0
977
590
30
30
0
995
594
30
30
0
935
638
39
39
0
1171
688
46
46
0
1098
713
57
57
1
1199
749
31
31
0
1292
757
30
30
1
1001
765
30
30
1
927
763
30
30
0
1141
769
44
44
0
961
777
31
31
1
1046
776
30
30
0
1000
785
36
36
1
924
790
30
30
0
1427
795
30
30
0
1035
795
44
44
0
954
801
36
36
1
920
816
30
30
0
995
815
33
33
0
1034
826
36
36
0
951
829
33
33
1
1159
840
31
31
0
989
842
33
33
0
1474
847
30
30
0
1024
851
39
39
0
984
859
30
30
1
950
871
30
30
0
933
900
52
52
0
1453
911
30
30
0
1355
924
33
33
0
1403
928
31
31
0
1330
934
30
30
0
1372
942
54
54
0
1435
950
33
33
0
1337
954
31
31
0
1115
961
49
49
0
1438
968
36
36
0
1570
1013
30
30
0
1137
1024
59
59
0
1570
1033
30
30
