51
0
389
74
41
41
0
344
78
41
41
0
299
82
41
41
0
405
124
39
39
0
362
128
39
39
0
318
132
39
39
0
420
170
36
36
0
376
173
39
39
0
334
177
39
39
0
1356
338
52
52
0
1440
373
57
57
0
1290
397
30
30
0
1186
420
52
52
0
1404
471
41
41
0
1356
497
41
41
0
1168
517
39
39
0
1570
518
30
30
0
1386
524
30
30
1
683
540
30
30
0
1122
544
36
36
1
606
553
31
31
1
878
554
30
30
0
1382
558
30
30
1
527
566
30
30
0
671
573
46
46
0
707
595
30
30
0
520
598
52
52
0
621
603
31
31
1
485
624
31
31
0
558
625
30
30
0
681
626
49
49
0
610
638
52
52
0
1487
647
33
33
0
630
653
36
36
0
1307
670
33
33
1
503
677
31
31
0
691
676
46
46
0
863
669
49
49
0
625
689
46
46
0
557
702
46
46
0
1286
699
30
30
0
1431
704
54
54
0
1191
718
57
57
1
885
723
33
33
1
522
724
30
30
0
590
722
30
30
0
1338
724
59
59
0
638
726
52
52
1
748
752
36
36
0
1061
778
31
31
1
606
782
36
36
