69
0
720
0
52
52
0
1276
0
41
41
0
1204
46
41
41
0
1250
74
57
57
0
1146
88
41
41
0
344
119
30
30
0
1122
144
36
36
1
416
163
30
30
0
910
171
30
30
0
1032
180
57
57
0
1132
180
57
57
0
1141
192
36
36
0
1479
214
30
30
0
1181
359
31
31
0
1223
374
36
36
0
1129
393
33
33
1
214
399
33
33
0
882
407
33
33
1
106
409
44
44
0
1198
409
36
36
0
932
426
36
36
1
485
427
49
49
0
1426
418
54
54
1
7
430
30
30
1
493
432
36
36
0
1109
437
31
31
0
831
443
33
33
0
1127
470
30
30
0
812
484
36
36
0
1170
486
30
30
0
1474
506
30
30
0
837
520
36
36
0
1432
531
30
30
0
883
557
49
49
0
450
575
30
30
1
539
588
30
30
1
9
598
33
33
0
1570
605
30
30
0
1388
624
39
39
0
1141
641
31
31
0
1156
640
30
30
0
1118
674
30
30
1
56
676
30
30
0
919
682
33
33
0
1342
688
57
57
0
924
714
36
36
0
1348
714
52
52
0
1178
724
57
57
0
1032
736
30
30
1
399
741
30
30
1
200
783
30
30
0
1268
782
30
30
0
411
786
31
31
0
1251
786
30
30
0
1232
791
30
30
0
1265
798
30
30
0
1247
803
30
30
0
1229
807
30
30
1
435
843
44
44
0
239
847
30
30
0
173
975
49
49
0
226
1034
30
30
0
169
1049
30
30
0
236
1051
30
30
0
209
1058
30
30
0
182
1066
30
30
0
246
1068
30
30
0
219
1075
30
30
0
192
1082
30
30
