65
0
1489
312
33
33
0
1445
320
33
33
0
1403
328
31
31
0
1475
354
31
31
0
1431
361
33
33
0
1390
369
30
30
0
1461
393
33
33
0
1416
395
41
41
0
1379
406
30
30
0
1555
471
30
30
0
1140
630
39
39
0
1208
649
30
30
0
1072
663
39
39
0
613
699
44
44
0
1044
700
41
41
0
942
729
49
49
0
1561
730
39
39
0
1068
733
36
36
0
1486
736
39
39
1
357
774
31
31
0
768
829
39
39
0
1447
837
44
44
0
1114
835
36
36
0
793
846
52
52
0
1166
843
36
36
0
1061
862
31
31
0
1182
865
36
36
0
1094
879
46
46
0
798
877
36
36
0
1036
884
36
36
0
855
889
33
33
1
233
896
31
31
0
750
896
39
39
1
163
905
33
33
0
878
904
36
36
0
1056
903
36
36
1
92
916
30
30
0
741
925
33
33
0
174
926
41
41
0
865
931
33
33
0
1077
937
33
33
0
1457
938
36
36
0
765
944
33
33
1
77
954
33
33
0
284
961
30
30
0
216
966
36
36
1
119
990
33
33
0
315
997
30
30
0
1155
998
31
31
0
1077
1005
30
30
0
1092
1016
30
30
1
161
1025
31
31
0
1456
1022
54
54
0
822
1039
31
31
0
859
1035
30
30
0
52
1036
30
30
0
856
1056
30
30
1
416
1055
30
30
0
822
1058
30
30
0
565
1063
31
31
0
1297
1069
46
46
1
274
1068
39
39
0
429
1077
30
30
0
293
1093
30
30
0
767
1105
30
30
