74
0
1499
73
30
30
0
1470
77
31
31
0
1442
81
31
31
0
1491
103
31
31
0
1464
107
31
31
0
1436
111
30
30
0
1484
133
31
31
0
1430
140
30
30
0
1457
137
30
30
0
1429
140
30
30
0
392
221
30
30
0
368
224
30
30
0
391
221
30
30
0
346
227
30
30
0
346
227
30
30
0
1384
242
41
41
0
400
246
30
30
0
377
250
30
30
0
354
252
30
30
0
407
272
30
30
0
385
274
30
30
0
363
277
30
30
0
1267
316
31
31
0
1312
333
30
30
0
1219
343
30
30
0
1195
380
30
30
0
635
382
44
44
1
707
394
39
39
0
1125
412
30
30
0
665
417
49
49
0
1013
422
30
30
0
1236
424
57
57
0
1508
447
57
57
0
1232
517
39
39
1
583
522
30
30
0
1236
521
30
30
1
530
527
30
30
1
476
532
30
30
0
1275
535
31
31
0
992
541
36
36
0
1192
543
30
30
0
995
544
30
30
0
1518
550
30
30
0
1034
557
30
30
0
537
561
44
44
0
956
565
30
30
0
1172
571
30
30
1
452
574
30
30
0
1050
582
30
30
0
941
592
30
30
0
1186
595
30
30
0
1186
595
30
30
0
491
606
30
30
0
505
612
41
41
0
960
615
30
30
1
466
620
30
30
0
1508
648
30
30
0
515
656
44
44
0
745
654
44
44
1
481
662
30
30
0
569
681
44
44
0
1504
701
52
52
1
773
710
31
31
1
660
719
31
31
0
1257
717
30
30
1
549
728
31
31
0
984
755
30
30
0
564
764
30
30
0
554
772
30
30
0
988
781
41
41
0
1269
802
41
41
0
1383
805
31
31
0
830
819
30
30
0
529
893
30
30
