59
0
1428
0
46
46
0
1470
0
41
41
0
1390
0
46
46
0
1452
39
46
46
0
1415
43
44
44
0
1378
45
44
44
0
1440
85
44
44
0
1403
87
44
44
0
1368
92
41
41
0
220
301
59
59
0
633
339
31
31
0
1072
370
39
39
0
1037
416
44
44
0
1044
425
30
30
0
946
442
30
30
0
1060
461
39
39
0
948
464
36
36
0
779
489
30
30
0
1457
502
30
30
1
182
591
33
33
1
103
597
33
33
0
1088
596
52
52
1
23
604
30
30
0
1098
608
30
30
0
1149
624
31
31
1
416
629
36
36
0
782
631
30
30
0
1041
632
33
33
0
1416
635
41
41
0
837
649
31
31
0
731
654
33
33
0
1158
651
39
39
1
0
659
30
30
0
1017
667
30
30
0
859
679
30
30
0
713
688
33
33
0
1170
693
33
33
0
1034
695
30
30
1
37
718
30
30
0
1421
763
31
31
1
73
772
33
33
0
217
774
30
30
1
495
822
44
44
0
1121
832
31
31
0
1318
826
59
59
1
343
837
44
44
0
1418
833
52
52
0
1056
841
30
30
0
816
850
30
30
1
193
851
33
33
0
779
853
30
30
0
1008
871
30
30
0
783
878
33
33
0
819
876
30
30
0
1254
916
52
52
0
716
944
30
30
0
184
987
30
30
0
230
1022
30
30
0
218
1035
30
30
