60
0
1084
0
52
52
0
1125
0
44
44
0
1308
138
54
54
1
779
162
30
30
0
1276
173
30
30
0
1337
187
49
49
0
1446
356
36
36
0
1488
377
31
31
1
556
400
30
30
0
1168
409
31
31
1
455
410
41
41
0
1470
397
59
59
1
459
415
30
30
0
1208
424
41
41
1
360
430
30
30
1
799
428
49
49
0
1373
436
30
30
0
1115
443
33
33
1
814
440
30
30
0
1383
469
33
33
0
1158
470
36
36
0
1421
485
31
31
0
1093
489
31
31
1
312
514
30
30
0
1408
510
41
41
0
1108
520
36
36
0
793
521
30
30
0
1152
527
44
44
0
590
550
41
41
0
1147
561
44
44
1
823
583
31
31
1
816
581
30
30
1
336
596
39
39
0
608
626
41
41
0
1372
626
59
59
1
366
672
39
39
0
1362
674
30
30
0
1164
680
30
30
1
848
696
41
41
1
845
696
30
30
0
1364
712
39
39
0
1554
714
46
46
0
1261
728
46
46
0
1138
733
30
30
0
866
769
31
31
0
1126
762
52
52
1
485
772
49
49
1
488
778
30
30
0
851
793
49
49
0
522
845
30
30
1
695
845
30
30
0
929
856
30
30
0
444
1042
30
30
0
419
1048
30
30
0
478
1050
30
30
0
453
1058
30
30
0
427
1064
30
30
0
485
1068
30
30
0
460
1074
30
30
0
434
1082
30
30
