35
0
1075
47
33
33
0
1048
47
30
30
0
1076
48
30
30
0
1104
50
30
30
0
1070
81
31
31
0
1097
81
33
33
0
1042
79
30
30
0
1038
109
31
31
0
1064
111
30
30
0
1091
113
30
30
1
1018
425
30
30
1
1078
431
30
30
1
1140
438
30
30
1
962
464
30
30
0
985
513
30
30
1
954
518
30
30
1
954
517
30
30
0
1051
527
46
46
1
945
567
30
30
0
1534
571
39
39
0
1498
598
39
39
0
1230
620
54
54
0
1502
628
36
36
0
1570
642
30
30
1
982
653
30
30
1
1109
671
31
31
1
1239
688
33
33
0
1093
707
44
44
1
1085
749
30
30
0
861
810
30
30
0
872
814
41
41
0
1424
814
52
52
0
1373
839
31
31
0
1255
850
30
30
0
1371
867
31
31
