47
0
895
70
30
30
0
985
79
33
33
0
1014
81
33
33
0
986
80
30
30
0
1014
83
30
30
0
1043
85
30
30
0
981
112
30
30
0
1008
115
31
31
0
848
113
30
30
0
1035
117
33
33
0
1008
115
30
30
0
1036
118
30
30
0
975
143
30
30
0
1002
146
30
30
0
1030
149
30
30
0
1250
364
52
52
1
954
464
30
30
1
1016
475
31
31
1
1079
484
30
30
1
897
502
30
30
1
889
556
30
30
1
1241
561
30
30
0
974
563
44
44
1
879
605
30
30
0
910
603
30
30
0
924
614
41
41
0
966
613
30
30
0
975
621
49
49
0
1548
632
36
36
0
1163
642
30
30
0
1488
644
36
36
0
1570
662
30
30
0
1450
668
36
36
0
1172
675
57
57
1
916
697
33
33
1
917
693
30
30
0
1452
699
39
39
1
1046
721
33
33
0
1488
724
39
39
0
903
735
46
46
1
1179
746
36
36
0
1151
782
30
30
0
778
847
30
30
0
794
863
30
30
0
1374
889
52
52
0
1195
916
30
30
0
1315
941
30
30
