59
0
492
181
33
33
0
462
183
33
33
0
432
185
33
33
0
493
182
30
30
0
499
215
31
31
0
440
219
33
33
0
470
217
30
30
0
500
215
30
30
0
440
220
30
30
0
506
245
33
33
0
477
249
31
31
0
448
251
31
31
0
1454
328
30
30
0
1490
343
36
36
0
957
351
31
31
0
1403
355
31
31
0
799
352
46
46
0
1426
386
30
30
1
853
401
46
46
0
1220
435
30
30
0
1406
443
54
54
0
1151
474
49
49
0
1388
539
41
41
1
692
553
31
31
0
1429
558
31
31
1
627
560
30
30
1
561
567
30
30
0
1144
567
41
41
0
1348
568
30
30
0
1188
586
30
30
0
685
586
30
30
0
1104
597
30
30
0
1323
599
30
30
0
635
604
46
46
1
524
618
30
30
0
1369
618
30
30
0
1333
624
30
30
0
1085
626
30
30
0
692
642
30
30
0
563
653
44
44
0
1099
652
30
30
0
1567
671
33
33
1
535
671
30
30
0
859
701
49
49
0
596
716
41
41
1
549
722
30
30
0
650
738
52
52
0
1321
743
44
44
1
885
762
33
33
0
1105
778
39
39
1
755
781
33
33
0
1305
780
30
30
1
620
793
39
39
0
1139
795
31
31
0
876
802
30
30
0
1561
819
39
39
0
1493
823
49
49
0
1392
833
46
46
0
1105
829
44
44
