44
0
1523
386
36
36
0
1409
454
33
33
0
1455
468
33
33
0
242
493
30
30
0
1154
514
30
30
0
253
521
44
44
0
1135
549
31
31
0
1348
548
30
30
0
1097
562
52
52
0
352
573
30
30
0
750
574
52
52
0
1061
584
33
33
0
1134
593
36
36
0
1285
631
30
30
0
1127
651
30
30
0
958
704
30
30
0
1113
713
30
30
0
1404
730
36
36
0
949
731
46
46
0
1392
727
30
30
0
598
791
30
30
0
493
823
33
33
0
609
826
30
30
0
944
838
36
36
0
561
841
33
33
1
461
840
30
30
0
961
847
31
31
0
1029
847
30
30
0
584
847
30
30
0
507
858
33
33
0
622
858
30
30
0
643
864
30
30
1
773
868
30
30
0
573
875
31
31
1
476
873
30
30
0
592
880
30
30
0
521
889
33
33
0
532
891
39
39
0
769
895
46
46
1
670
904
30
30
1
491
905
30
30
0
827
936
30
30
1
560
941
30
30
0
566
967
30
30
