63
0
1422
0
36
36
0
1460
0
36
36
0
1499
0
33
33
0
1530
160
30
30
0
377
184
39
39
0
377
213
31
31
0
714
210
30
30
0
1187
260
30
30
1
302
369
30
30
0
979
377
30
30
0
997
386
30
30
0
973
397
49
49
0
1100
398
39
39
0
1224
393
36
36
0
805
417
30
30
0
1515
433
33
33
0
1136
561
36
36
1
128
571
30
30
1
32
577
39
39
0
1191
580
33
33
1
36
580
30
30
0
1079
594
33
33
0
799
599
33
33
1
394
608
41
41
0
1139
612
52
52
0
859
616
33
33
0
1205
615
33
33
0
1114
622
39
39
0
742
626
39
39
0
1053
633
31
31
0
745
631
30
30
0
880
649
36
36
0
1072
665
30
30
0
722
665
39
39
0
747
696
36
36
1
426
727
52
52
0
42
768
30
30
1
0
785
39
39
0
1161
816
33
33
0
1081
813
49
49
0
1116
820
30
30
0
1503
827
30
30
1
495
832
30
30
0
841
847
30
30
0
796
851
33
33
1
313
850
46
46
0
1047
860
30
30
1
135
871
49
49
0
843
877
31
31
0
801
883
31
31
0
1293
889
30
30
0
1310
911
44
44
0
1223
942
30
30
1
365
950
31
31
0
578
979
30
30
0
130
1046
30
30
0
181
1068
30
30
0
134
1074
30
30
0
191
1082
30
30
0
167
1084
30
30
0
199
1095
30
30
0
177
1097
30
30
0
155
1101
30
30
