41
0
789
556
30
30
0
805
560
30
30
0
789
571
30
30
0
805
576
30
30
0
789
586
30
30
0
805
590
30
30
0
821
594
30
30
0
762
661
30
30
0
928
714
52
52
1
1021
750
31
31
0
811
776
33
33
0
846
785
39
39
1
782
790
30
30
0
889
802
33
33
0
813
804
30
30
0
847
815
33
33
1
781
817
30
30
0
884
826
36
36
0
812
830
30
30
0
844
839
36
36
0
801
894
57
57
0
1392
896
39
39
0
1569
897
31
31
0
1249
909
30
30
0
1472
905
41
41
0
883
926
57
57
0
1162
916
57
57
0
761
928
59
59
0
1228
929
30
30
1
990
938
30
30
0
1173
955
30
30
0
976
963
46
46
0
1418
1003
39
39
0
1472
1009
39
39
0
1391
1014
33
33
0
1396
1032
36
36
0
1510
1035
39
39
0
1517
1059
33
33
0
1509
1092
36
36
0
1251
1095
49
49
0
1433
1140
33
33
