62
0
309
351
30
30
0
329
353
30
30
0
350
355
30
30
0
317
376
30
30
0
337
378
30
30
0
358
381
30
30
0
326
401
30
30
0
346
403
30
30
0
367
406
30
30
0
320
514
30
30
0
717
591
31
31
1
658
606
30
30
1
430
652
30
30
1
477
662
30
30
1
408
677
30
30
1
527
674
30
30
0
440
686
41
41
0
483
693
46
46
0
536
709
41
41
1
422
717
30
30
0
1371
722
30
30
0
454
726
39
39
0
495
734
44
44
0
1556
737
44
44
1
676
745
30
30
0
539
745
49
49
1
436
754
30
30
0
1422
746
54
54
0
1432
759
30
30
0
466
762
41
41
0
960
768
30
30
0
674
768
54
54
0
508
773
41
41
0
554
785
39
39
0
1425
777
67
67
0
1253
784
49
49
0
1441
797
30
30
0
519
803
33
33
1
496
825
30
30
0
961
833
31
31
0
912
836
30
30
1
596
854
30
30
0
892
854
30
30
0
1005
859
33
33
1
705
887
30
30
0
1021
888
31
31
0
446
906
41
41
0
988
899
41
41
0
1199
904
44
44
1
611
919
33
33
0
1172
925
39
39
0
907
925
44
44
0
1323
960
49
49
0
953
997
30
30
0
917
1006
30
30
0
1314
1011
46
46
0
1031
1051
62
62
0
1250
1087
39
39
0
1525
1138
59
59
0
1473
1147
30
30
0
1230
1148
52
52
0
1511
1170
30
30
