57
0
666
228
30
30
0
738
262
30
30
0
756
264
30
30
0
756
284
30
30
0
719
298
30
30
0
737
300
30
30
0
755
302
30
30
0
927
415
30
30
1
957
448
31
31
0
1462
459
49
49
0
1408
487
36
36
0
1362
497
36
36
1
781
507
30
30
0
1440
510
30
30
1
823
513
30
30
1
707
526
30
30
0
736
527
41
41
0
1338
522
30
30
0
775
531
44
44
0
818
539
41
41
0
1439
537
33
33
0
1339
545
33
33
1
706
561
30
30
0
736
563
39
39
0
774
567
41
41
0
1355
564
49
49
0
819
578
33
33
1
706
594
30
30
0
734
596
39
39
0
772
601
41
41
0
812
607
39
39
0
1136
603
30
30
0
1101
610
30
30
0
1165
620
30
30
0
1082
627
30
30
0
1328
626
39
39
0
1332
630
30
30
0
1292
638
30
30
0
1088
647
30
30
1
741
653
30
30
0
1268
654
30
30
1
829
668
30
30
0
1273
674
30
30
1
920
680
30
30
0
728
682
52
52
0
1524
686
54
54
0
828
698
30
30
0
1542
706
30
30
0
1499
712
46
46
0
1094
737
30
30
0
1076
753
30
30
0
1471
767
33
33
0
1150
775
49
49
0
1066
773
39
39
0
1513
784
30
30
0
1280
837
44
44
0
1374
864
30
30
