64
0
595
327
30
30
0
559
328
30
30
0
577
327
30
30
0
1553
338
30
30
0
561
347
30
30
0
579
347
30
30
0
598
347
30
30
0
564
367
30
30
0
586
362
41
41
0
1570
364
30
30
0
1534
387
30
30
0
1563
388
30
30
0
1048
450
39
39
0
789
468
33
33
1
827
505
33
33
0
1350
515
39
39
0
1301
535
31
31
0
1392
538
36
36
0
1108
552
30
30
0
1275
562
31
31
0
1402
568
36
36
0
1203
582
30
30
1
657
586
30
30
1
702
588
30
30
0
1282
589
36
36
1
585
611
30
30
0
655
611
46
46
0
618
615
36
36
0
661
621
30
30
0
704
622
36
36
1
591
650
30
30
0
659
651
46
46
0
622
653
39
39
0
706
665
31
31
0
1063
674
30
30
1
596
687
30
30
0
628
688
36
36
0
1024
686
30
30
0
1099
692
31
31
0
1299
694
33
33
0
668
695
36
36
0
710
700
36
36
0
1005
706
30
30
0
1253
706
33
33
0
1337
714
33
33
0
1111
717
30
30
0
1230
728
30
30
1
737
765
30
30
0
1346
765
30
30
1
737
764
30
30
1
838
778
30
30
1
837
778
30
30
0
635
783
44
44
0
735
798
39
39
0
735
806
30
30
0
817
808
70
70
1
740
829
30
30
0
1546
854
54
54
0
1026
856
39
39
0
1541
882
59
59
0
1301
881
30
30
0
1023
883
44
44
0
1302
974
30
30
0
1404
989
52
52
