51
0
1512
0
30
30
0
0
119
46
46
0
25
165
44
44
0
0
174
36
36
0
1544
324
41
41
0
1529
334
44
44
0
1095
346
30
30
0
1450
362
36
36
0
1198
374
54
54
0
987
395
33
33
0
1435
388
49
49
0
1180
473
39
39
0
1409
477
33
33
0
1136
499
36
36
0
1377
509
44
44
0
930
516
41
41
0
1165
524
30
30
0
1249
536
30
30
1
404
540
30
30
1
323
553
31
31
1
617
550
30
30
0
1150
554
36
36
0
1153
557
30
30
1
627
559
30
30
1
241
566
30
30
0
922
573
33
33
0
1569
587
31
31
0
242
598
52
52
0
1567
607
33
33
1
209
624
31
31
0
427
627
44
44
0
353
641
46
46
0
277
655
46
46
1
241
676
33
33
0
636
667
52
52
0
315
680
30
30
0
379
689
46
46
0
309
703
44
44
0
906
715
30
30
0
1009
718
57
57
1
275
724
31
31
1
670
722
30
30
0
344
724
30
30
0
406
723
57
57
0
1022
737
31
31
1
531
753
33
33
0
672
754
39
39
0
910
756
41
41
1
383
784
33
33
0
397
819
31
31
1
557
824
46
46
