51
0
173
384
33
33
0
666
442
57
57
0
264
525
39
39
0
1078
575
46
46
0
1078
600
36
36
0
1106
606
30
30
1
11
660
31
31
1
90
658
36
36
1
175
660
33
33
0
861
662
30
30
0
1569
685
31
31
0
27
686
44
44
0
107
695
33
33
0
188
691
41
41
1
0
702
39
39
0
155
719
30
30
1
435
716
33
33
1
433
727
30
30
0
81
749
31
31
0
848
745
39
39
0
228
751
36
36
1
44
756
36
36
0
783
760
44
44
0
907
762
46
46
0
1298
766
57
57
0
762
791
41
41
0
126
798
30
30
0
931
793
44
44
0
1122
794
52
52
0
1201
804
57
57
1
93
805
33
33
0
1308
798
54
54
0
280
801
59
59
0
788
818
41
41
0
906
821
41
41
0
1141
825
49
49
1
215
874
46
46
1
223
880
31
31
1
537
891
30
30
0
825
942
36
36
0
875
945
33
33
0
1133
956
33
33
0
1143
949
62
62
0
1216
951
52
52
0
830
967
30
30
0
873
969
30
30
0
1489
975
44
44
0
1088
998
30
30
0
224
1013
30
30
0
220
1031
30
30
0
1371
1046
36
36
