41
0
1075
260
46
46
1
1122
320
30
30
1
799
424
30
30
0
1497
422
33
33
1
858
431
31
31
1
858
431
30
30
1
918
437
31
31
0
784
456
30
30
1
752
464
30
30
1
751
463
30
30
0
907
482
41
41
1
1077
504
30
30
1
750
518
30
30
1
750
517
30
30
0
1366
557
41
41
1
747
567
30
30
0
1312
570
39
39
0
839
575
46
46
0
897
582
44
44
0
1406
584
36
36
0
1280
599
39
39
0
1030
620
52
52
0
1289
630
33
33
0
1556
631
41
41
1
793
654
30
30
1
916
669
33
33
0
1556
659
44
44
0
1309
668
46
46
1
1043
688
33
33
0
1559
700
41
41
0
908
710
39
39
0
1284
758
41
41
0
699
809
30
30
0
683
820
30
30
0
1241
816
49
49
0
1183
871
31
31
0
1542
939
30
30
0
1570
955
30
30
0
1554
955
30
30
0
1544
967
30
30
0
1564
971
30
30
