52
0
884
97
30
30
0
862
99
30
30
0
840
100
30
30
0
1390
148
41
41
0
1106
145
52
52
0
1236
157
30
30
0
1486
267
30
30
0
1556
287
33
33
0
1404
324
52
52
1
985
370
30
30
1
930
373
31
31
1
877
374
30
30
1
985
370
30
30
0
969
405
30
30
0
863
408
30
30
0
876
409
49
49
0
986
414
30
30
1
837
417
30
30
0
932
415
30
30
1
836
417
30
30
0
1396
424
30
30
0
1433
439
33
33
0
1351
444
31
31
0
863
459
30
30
0
917
458
30
30
0
1569
468
31
31
1
837
469
30
30
0
932
468
30
30
0
1328
474
30
30
0
0
491
30
30
0
1570
495
30
30
0
1338
502
30
30
0
875
509
46
46
0
926
511
44
44
1
1121
510
30
30
0
1375
516
33
33
1
838
518
30
30
0
982
516
30
30
0
1107
530
46
46
0
919
548
46
46
0
932
556
30
30
1
1125
595
31
31
1
1005
597
31
31
1
887
599
31
31
1
887
598
30
30
0
1119
630
46
46
0
1004
637
36
36
0
1105
665
46
46
1
1000
680
30
30
0
1558
683
30
30
0
1570
729
30
30
0
791
798
30
30
