74
0
1543
382
30
30
0
1515
384
30
30
0
1487
386
30
30
0
1529
408
30
30
0
1501
410
30
30
0
1475
412
30
30
0
1515
433
30
30
0
1487
435
30
30
0
1461
437
30
30
0
326
464
30
30
0
298
466
30
30
0
270
468
30
30
0
338
488
30
30
0
310
490
30
30
0
282
492
30
30
0
348
512
30
30
0
320
514
30
30
0
294
516
30
30
0
1398
535
65
65
0
909
564
30
30
0
1265
572
49
49
0
1310
591
39
39
0
282
603
30
30
0
1221
601
33
33
0
1515
614
44
44
0
1316
619
36
36
0
1195
629
31
31
1
687
633
44
44
0
1116
638
52
52
0
1127
647
33
33
0
1203
653
33
33
0
1551
666
49
49
0
1488
678
30
30
0
1015
700
30
30
1
552
734
30
30
0
1208
733
41
41
1
493
738
30
30
0
1247
748
31
31
0
974
751
36
36
0
1168
754
30
30
0
550
760
30
30
0
1449
759
31
31
0
491
764
39
39
0
505
760
49
49
0
444
762
52
52
0
1254
766
30
30
0
1196
772
41
41
1
408
775
30
30
0
1146
774
30
30
0
963
787
44
44
0
1228
787
30
30
0
1155
791
31
31
0
563
794
33
33
0
568
790
52
52
0
517
795
49
49
0
1261
803
31
31
0
460
798
52
52
0
1174
807
30
30
1
424
810
30
30
0
573
829
30
30
0
581
824
49
49
0
1387
834
44
44
0
470
835
30
30
0
477
832
49
49
1
441
842
30
30
0
1204
876
30
30
0
1152
882
30
30
0
1556
883
44
44
0
949
893
31
31
0
742
900
30
30
0
971
907
31
31
0
1121
906
30
30
0
629
908
30
30
0
1052
922
30
30
