50
0
53
1
44
44
0
5
5
44
44
0
0
58
52
52
0
32
62
39
39
0
0
255
31
31
0
1538
262
30
30
0
1414
351
41
41
1
674
368
30
30
0
607
377
31
31
0
1313
362
67
67
0
595
380
49
49
0
1184
412
39
39
0
1194
419
30
30
0
1426
558
41
41
1
455
568
36
36
1
458
572
30
30
1
363
578
36
36
0
1474
576
39
39
1
366
580
30
30
1
273
589
33
33
0
1362
589
41
41
0
1097
598
33
33
1
706
611
36
36
0
1477
609
44
44
0
1148
614
36
36
0
1400
616
52
52
0
1036
626
36
36
0
1330
629
39
39
0
1449
634
30
30
1
234
657
30
30
0
1079
660
36
36
0
1392
660
41
41
0
1344
661
36
36
0
1387
683
31
31
1
264
725
30
30
1
293
788
33
33
0
1398
813
39
39
0
1322
811
54
54
0
1361
817
30
30
1
748
833
46
46
1
579
851
49
49
0
1300
860
30
30
1
403
871
46
46
0
1055
887
31
31
0
1042
906
54
54
1
610
949
30
30
0
393
1071
31
31
0
380
1071
30
30
0
355
1073
30
30
0
410
1081
30
30
