71
0
1104
341
30
30
0
1087
345
30
30
0
1070
348
30
30
0
1102
361
30
30
0
1085
364
30
30
0
1068
367
30
30
0
1098
379
30
30
0
1360
386
36
36
0
1082
383
30
30
0
1066
387
30
30
0
1244
449
36
36
0
1033
463
30
30
0
1295
469
31
31
0
1004
474
36
36
0
973
514
30
30
0
1139
517
49
49
0
1133
541
49
49
0
145
539
30
30
0
955
547
33
33
0
1180
545
30
30
0
117
546
30
30
0
87
552
30
30
0
159
561
30
30
0
131
568
30
30
0
101
573
30
30
0
172
583
30
30
0
881
586
30
30
0
144
589
30
30
0
964
593
36
36
0
115
595
30
30
0
759
603
62
62
0
1521
615
49
49
0
1135
633
30
30
0
461
635
49
49
1
523
642
31
31
0
800
640
30
30
0
1509
653
33
33
0
965
652
30
30
0
962
683
30
30
0
789
703
30
30
0
1116
709
62
62
0
146
716
30
30
0
1227
724
30
30
0
1288
739
46
46
0
785
739
30
30
0
1155
745
30
30
1
556
753
30
30
0
405
788
36
36
1
288
798
30
30
0
431
801
30
30
0
288
817
44
44
0
425
825
33
33
0
448
833
30
30
0
796
839
31
31
1
262
841
30
30
0
814
848
30
30
0
886
846
30
30
0
314
855
36
36
0
441
859
31
31
1
610
869
30
30
0
805
870
33
33
0
389
874
33
33
0
400
873
41
41
1
284
873
30
30
0
332
889
39
39
0
601
892
54
54
0
407
894
44
44
1
502
904
30
30
1
305
906
30
30
1
387
941
30
30
0
649
936
49
49
