38
0
1077
489
49
49
0
1083
506
30
30
0
1242
514
54
54
0
1033
512
46
46
1
1106
530
30
30
0
935
580
30
30
0
966
586
30
30
0
1502
595
30
30
0
1459
600
30
30
0
933
604
30
30
0
1378
615
30
30
0
1528
611
36
36
0
1435
615
30
30
0
930
629
30
30
0
1070
635
49
49
0
1439
636
31
31
0
1535
635
31
31
0
959
636
30
30
0
989
643
30
30
0
1256
664
30
30
1
928
669
30
30
1
997
685
30
30
0
924
694
36
36
0
1286
698
30
30
1
1070
705
30
30
0
1398
708
30
30
0
992
717
33
33
0
1377
719
30
30
0
1056
725
46
46
0
1066
732
30
30
0
1458
759
30
30
0
1061
765
62
62
0
1273
814
41
41
0
1278
819
31
31
0
1570
843
30
30
0
1389
877
44
44
0
1475
903
49
49
0
1570
948
30
30
