57
0
138
583
41
41
0
105
592
33
33
0
66
594
41
41
0
70
599
30
30
0
815
619
30
30
0
166
618
30
30
0
90
623
41
41
0
131
624
31
31
0
1526
632
54
54
0
187
646
31
31
0
148
647
39
39
0
117
655
33
33
0
1395
657
44
44
0
1534
666
52
52
0
1439
699
30
30
0
1358
697
41
41
0
1258
724
54
54
0
1367
722
49
49
0
155
810
33
33
0
1128
832
30
30
0
1429
836
44
44
0
1322
853
39
39
0
1439
857
44
44
0
1362
878
41
41
0
1295
883
33
33
1
509
893
30
30
0
1013
897
33
33
1
436
902
30
30
1
715
900
30
30
0
1134
901
36
36
1
364
912
30
30
0
510
917
39
39
0
994
922
30
30
0
1350
934
36
36
0
448
927
52
52
0
1561
942
39
39
0
1013
941
31
31
1
339
952
31
31
1
367
987
33
33
0
556
990
39
39
0
492
1000
36
36
0
1296
997
52
52
1
397
1021
31
31
0
1029
1032
52
52
1
778
1033
30
30
0
1491
1035
30
30
0
279
1033
30
30
0
1266
1041
33
33
0
1495
1040
30
30
0
1073
1050
33
33
0
1175
1059
33
33
0
778
1056
39
39
0
1367
1058
30
30
0
1505
1062
52
52
1
499
1068
30
30
0
645
1076
31
31
0
509
1091
31
31
