61
0
664
45
30
30
0
641
46
30
30
0
619
48
30
30
0
666
71
30
30
0
643
72
30
30
0
621
74
30
30
0
668
97
30
30
0
624
99
30
30
0
646
99
30
30
0
888
140
54
54
0
1527
212
49
49
0
1445
223
31
31
1
936
240
39
39
0
1418
258
30
30
0
1253
267
30
30
0
1344
282
41
41
0
892
313
39
39
0
1196
324
52
52
0
1203
336
30
30
1
788
370
30
30
1
734
372
30
30
1
681
373
30
30
0
682
411
46
46
0
792
413
30
30
0
1443
416
31
31
1
645
417
30
30
0
739
416
30
30
0
1192
420
39
39
1
646
417
30
30
0
1197
424
30
30
0
1478
432
36
36
0
1397
437
30
30
0
1155
444
31
31
1
650
469
30
30
0
1372
468
30
30
0
1510
474
30
30
0
1135
474
30
30
0
1383
497
31
31
0
1146
503
30
30
0
1420
514
30
30
1
655
518
30
30
0
696
519
36
36
0
796
517
30
30
0
1185
517
33
33
0
921
530
46
46
0
737
547
46
46
1
944
595
33
33
1
826
597
31
31
1
709
599
30
30
0
942
636
36
36
0
827
639
33
33
0
700
637
62
62
1
829
680
30
30
0
1378
683
30
30
0
1149
694
49
49
0
661
721
49
49
0
1403
730
33
33
0
1455
738
39
39
0
1449
776
30
30
0
1485
776
30
30
0
1477
805
30
30
