46
0
882
56
36
36
0
853
58
36
36
0
886
59
30
30
0
827
63
30
30
0
856
61
30
30
0
854
93
33
33
0
885
93
30
30
0
827
96
30
30
0
856
95
30
30
0
883
125
33
33
0
826
129
31
31
0
855
127
30
30
0
884
127
30
30
0
826
129
30
30
0
832
225
52
52
1
1232
330
30
30
0
1567
463
33
33
1
863
471
31
31
1
929
470
36
36
1
931
473
30
30
1
1001
474
30
30
1
812
520
30
30
1
1192
538
30
30
0
1551
570
46
46
1
812
581
31
31
1
812
581
30
30
0
1486
595
41
41
0
1454
632
36
36
1
811
639
31
31
0
1123
637
30
30
0
1509
679
46
46
0
906
678
57
57
1
866
734
36
36
1
869
735
30
30
1
1012
745
36
36
1
1160
753
49
49
0
860
779
49
49
0
866
794
30
30
0
749
927
33
33
0
767
929
33
33
0
1219
955
31
31
0
750
950
30
30
0
769
952
30
30
0
1364
973
31
31
0
1546
992
30
30
0
1570
995
30
30
