76
0
369
327
30
30
0
386
327
30
30
0
402
327
30
30
0
1312
337
30
30
0
1339
338
30
30
0
1367
338
30
30
0
1311
338
30
30
0
1306
363
30
30
0
1332
363
30
30
0
1360
363
30
30
0
1305
363
30
30
0
1360
363
30
30
0
411
367
30
30
0
1333
364
30
30
0
378
367
30
30
0
395
367
30
30
0
1299
387
30
30
0
1326
389
30
30
0
1299
387
30
30
0
1353
388
30
30
0
1326
388
30
30
0
730
417
30
30
0
595
438
41
41
0
1376
466
54
54
0
548
496
36
36
1
643
505
30
30
0
1138
518
30
30
0
1091
535
30
30
0
1179
542
31
31
0
1069
563
30
30
0
998
570
41
41
0
1193
571
31
31
1
445
581
30
30
1
486
585
30
30
1
529
589
30
30
0
1082
593
30
30
1
423
611
30
30
0
452
615
36
36
0
492
617
39
39
0
1106
611
54
54
0
534
622
39
39
1
431
649
30
30
0
460
653
39
39
0
500
657
39
39
0
540
660
39
39
0
879
673
30
30
1
439
687
30
30
0
471
691
33
33
0
843
686
30
30
0
1102
692
39
39
0
915
692
30
30
0
509
697
33
33
0
1106
696
30
30
0
548
700
36
36
0
829
706
30
30
0
1065
708
30
30
0
1146
716
30
30
0
930
718
30
30
0
1044
730
30
30
1
488
754
30
30
0
1144
765
30
30
1
581
764
30
30
0
1378
770
36
36
1
676
779
30
30
1
676
778
30
30
0
485
792
30
30
0
577
806
30
30
1
585
829
46
46
0
1314
860
39
39
0
1374
868
41
41
0
955
884
59
59
0
1126
882
30
30
0
1280
882
30
30
0
866
885
41
41
0
1143
1007
30
30
0
1160
1010
30
30
