65
0
56
350
30
30
0
74
352
30
30
0
93
355
30
30
0
69
376
30
30
0
86
378
30
30
0
105
380
30
30
0
100
403
30
30
0
118
406
30
30
0
1340
501
41
41
0
37
513
31
31
0
1387
505
44
44
0
1440
514
41
41
0
1326
538
41
41
0
1374
546
36
36
0
448
553
49
49
0
1419
548
46
46
0
1312
574
39
39
0
1358
580
39
39
0
653
588
30
30
0
1406
588
36
36
0
372
609
30
30
1
224
652
30
30
1
268
662
30
30
1
313
674
30
30
1
212
677
30
30
0
239
684
44
44
0
277
691
46
46
0
328
708
39
39
1
233
717
30
30
0
978
725
41
41
0
262
727
39
39
0
300
733
41
41
0
853
747
44
44
1
455
745
30
30
0
951
756
33
33
0
1105
750
44
44
0
1110
759
30
30
0
280
763
39
39
0
320
775
41
41
0
359
783
46
46
0
438
785
57
57
0
971
792
33
33
0
1121
788
49
49
0
336
804
30
30
0
1083
813
49
49
1
319
825
30
30
0
716
827
41
41
0
664
835
49
49
1
412
855
30
30
0
766
860
30
30
0
682
879
30
30
0
786
887
30
30
0
1481
891
31
31
0
769
903
30
30
1
438
916
36
36
0
302
923
30
30
0
1044
930
41
41
0
1042
981
36
36
0
717
1002
36
36
0
1030
1088
36
36
0
1008
1115
31
31
0
1264
1135
62
62
0
1227
1148
30
30
0
1363
1169
31
31
0
1257
1170
30
30
