50
0
815
228
30
30
0
902
260
30
30
0
940
264
30
30
0
900
280
30
30
0
918
282
30
30
0
936
284
30
30
0
934
302
30
30
0
1102
413
30
30
0
1181
415
30
30
0
1543
501
31
31
1
937
507
30
30
1
981
513
30
30
0
1570
516
30
30
0
1513
522
31
31
1
857
526
30
30
0
888
529
39
39
0
932
534
36
36
0
1559
534
41
41
0
971
536
44
44
0
1512
547
30
30
1
855
561
30
30
0
884
563
39
39
1
1091
559
30
30
0
924
568
41
41
0
1522
562
52
52
0
964
573
41
41
1
849
594
30
30
0
878
595
41
41
0
916
601
41
41
0
1295
603
30
30
0
956
607
41
41
0
1257
611
30
30
0
1321
620
31
31
0
1235
627
30
30
0
1293
627
33
33
0
1493
631
31
31
0
1451
638
31
31
0
1239
647
30
30
0
1519
648
30
30
1
878
653
30
30
0
1424
655
30
30
1
969
668
30
30
0
1426
675
30
30
1
1061
680
30
30
0
1233
733
30
30
0
1287
775
49
49
0
1200
772
39
39
0
1426
848
30
30
0
1513
863
33
33
0
1570
875
30
30
