33
0
23
121
44
44
0
0
123
49
49
0
826
386
30
30
0
1216
387
30
30
0
1490
571
54
54
0
1530
606
30
30
1
335
660
30
30
1
419
659
33
33
1
507
661
31
31
1
303
705
33
33
0
435
707
46
46
0
746
712
30
30
1
755
728
30
30
0
1169
739
49
49
0
371
750
33
33
0
1561
754
39
39
1
333
758
33
33
0
1099
760
44
44
0
1224
759
52
52
0
1063
790
44
44
0
1236
789
52
52
0
234
801
30
30
1
363
805
33
33
0
414
798
59
59
0
508
819
30
30
0
1081
816
44
44
0
1489
854
30
30
0
1505
863
46
46
1
461
876
44
44
0
479
910
31
31
0
1129
943
33
33
0
1080
969
30
30
0
1225
993
49
49
