72
0
1455
0
31
31
0
1482
0
30
30
0
1509
0
30
30
0
1502
19
31
31
0
1475
23
31
31
0
1449
27
31
31
0
1495
49
31
31
0
1469
53
31
31
0
1443
57
31
31
0
1564
112
36
36
0
420
161
30
30
0
397
164
30
30
0
374
167
30
30
0
428
187
30
30
0
406
190
30
30
0
383
194
30
30
0
436
212
30
30
0
414
216
30
30
0
391
220
30
30
0
1290
236
30
30
0
1332
254
30
30
0
1241
267
30
30
0
665
270
49
49
0
1218
304
30
30
1
736
331
39
39
0
1233
335
30
30
0
1151
339
31
31
0
1534
343
30
30
0
699
349
31
31
0
1046
347
30
30
0
1260
351
52
52
0
1524
367
54
54
0
1256
444
39
39
0
1298
461
30
30
1
612
468
30
30
0
1217
472
30
30
1
559
475
30
30
0
1023
479
30
30
1
506
482
30
30
0
1063
491
30
30
0
610
498
30
30
0
984
502
30
30
0
1198
502
30
30
0
1488
493
52
52
0
556
505
30
30
0
516
515
44
44
0
1068
514
39
39
1
479
527
30
30
0
1211
526
30
30
0
969
531
30
30
0
1245
535
33
33
0
622
544
30
30
0
521
556
30
30
0
531
563
44
44
0
1527
568
30
30
1
495
573
30
30
0
644
598
41
41
0
547
608
41
41
1
509
618
30
30
0
597
634
46
46
1
803
658
31
31
1
690
671
31
31
0
1036
668
30
30
1
690
670
30
30
1
578
684
30
30
1
578
685
30
30
0
792
693
67
67
0
1017
698
31
31
0
686
706
54
54
0
1015
723
44
44
0
1407
734
33
33
0
572
858
30
30
