80
0
1204
0
30
30
0
1230
0
30
30
0
1257
0
30
30
0
1253
18
30
30
0
1227
23
31
31
0
1202
26
30
30
0
1250
48
30
30
0
1224
52
30
30
0
1199
56
30
30
0
186
160
30
30
0
163
164
30
30
0
141
167
30
30
0
198
187
30
30
0
175
190
30
30
0
152
193
30
30
0
208
213
30
30
0
186
215
30
30
0
164
219
30
30
0
1063
237
31
31
0
1106
253
33
33
0
1011
259
44
44
0
1018
267
30
30
0
1124
283
30
30
0
1000
304
30
30
0
920
317
62
62
1
522
332
36
36
0
1019
335
30
30
0
814
346
30
30
0
481
348
33
33
0
480
350
52
52
0
1056
356
41
41
0
1055
444
39
39
0
1059
449
30
30
0
1099
461
30
30
1
412
467
30
30
0
1315
464
44
44
0
1019
471
30
30
1
360
475
30
30
0
822
476
36
36
0
825
479
30
30
1
307
482
30
30
0
1071
490
30
30
0
866
492
30
30
0
1002
501
30
30
0
790
502
30
30
0
1294
494
52
52
0
884
516
30
30
0
1021
526
31
31
1
288
527
30
30
0
777
529
30
30
0
1038
525
54
54
0
875
545
31
31
0
441
551
44
44
0
1333
569
30
30
1
307
573
30
30
0
1478
580
41
41
0
407
600
46
46
0
364
608
41
41
0
1249
604
30
30
0
594
604
41
41
0
1260
608
36
36
0
1462
612
36
36
1
327
617
30
30
0
1331
621
44
44
0
1570
636
30
30
0
419
634
46
46
0
1103
652
31
31
1
625
658
31
31
1
626
657
30
30
1
513
671
31
31
0
859
672
31
31
1
403
684
31
31
1
403
683
30
30
0
838
697
30
30
0
1570
696
30
30
0
516
706
54
54
0
850
725
41
41
0
1233
736
30
30
0
671
764
44
44
0
1156
767
30
30
