61
0
464
385
30
30
0
464
415
49
49
0
599
464
30
30
0
571
466
30
30
0
543
468
30
30
0
605
489
30
30
0
577
491
30
30
0
549
493
30
30
0
609
511
30
30
0
583
513
30
30
0
556
515
30
30
0
1556
535
44
44
0
1015
573
30
30
0
1500
570
52
52
0
1542
590
41
41
0
1448
597
41
41
0
1418
627
36
36
0
1420
650
39
39
0
889
668
44
44
0
873
682
49
49
0
1407
731
44
44
1
707
739
30
30
0
1174
749
41
41
0
769
758
44
44
0
640
768
39
39
0
653
764
49
49
0
1213
764
30
30
0
1390
775
33
33
1
612
775
30
30
0
1154
785
46
46
0
1222
782
30
30
0
1114
789
30
30
0
761
795
33
33
0
706
799
30
30
0
767
793
49
49
0
713
795
49
49
0
654
801
30
30
0
661
800
46
46
0
1381
810
30
30
1
622
809
30
30
0
763
830
30
30
0
771
826
46
46
0
712
824
54
54
0
662
835
30
30
0
667
832
49
49
0
1570
838
30
30
1
630
842
30
30
0
1545
866
30
30
1
918
875
30
30
0
1321
880
33
33
0
1374
876
30
30
0
1289
898
30
30
0
915
901
31
31
0
912
904
54
54
0
1295
906
30
30
0
690
915
30
30
0
1218
923
31
31
0
1468
943
33
33
0
1368
946
39
39
0
960
955
31
31
0
651
975
30
30
