48
0
138
117
31
31
0
98
119
31
31
0
56
121
33
33
0
156
162
30
30
0
117
164
30
30
0
78
167
31
31
0
173
204
30
30
0
135
207
30
30
0
98
210
30
30
0
1511
357
49
49
0
1389
369
44
44
1
666
426
30
30
0
1491
439
31
31
0
1360
459
41
41
0
1246
463
41
41
0
1128
487
30
30
1
473
591
33
33
1
394
597
33
33
1
315
603
31
31
0
1410
619
41
41
0
469
629
44
44
0
1053
630
33
33
0
1306
630
36
36
0
1103
648
33
33
0
1416
651
41
41
1
279
659
30
30
0
1274
663
36
36
0
1384
675
30
30
0
1286
692
36
36
0
1325
698
36
36
1
305
718
33
33
0
366
758
36
36
0
522
759
39
39
1
331
772
31
31
0
702
760
54
54
1
734
826
41
41
0
1342
829
36
36
0
1047
849
30
30
1
428
850
39
39
1
433
852
30
30
0
730
869
30
30
0
1244
871
30
30
0
581
880
30
30
0
1009
882
30
30
0
1143
898
39
39
0
1004
900
52
52
0
1561
911
39
39
0
1342
928
54
54
