59
0
713
79
33
33
0
741
81
33
33
0
715
79
30
30
0
768
85
31
31
0
741
83
30
30
0
769
85
30
30
0
712
111
33
33
0
740
115
31
31
0
713
112
30
30
0
766
117
31
31
0
739
115
30
30
0
767
118
30
30
0
711
143
31
31
0
737
145
31
31
0
711
143
30
30
0
764
149
31
31
0
737
146
30
30
0
764
148
30
30
0
672
274
30
30
1
1057
385
30
30
1
728
465
30
30
1
788
475
31
31
1
788
474
30
30
1
850
484
30
30
1
851
484
30
30
1
679
502
30
30
0
1441
505
31
31
0
839
520
52
52
1
678
555
31
31
1
678
556
30
30
1
1011
560
30
30
1
675
606
30
30
0
774
624
41
41
0
1312
632
39
39
0
1256
643
36
36
0
762
658
41
41
0
1350
659
41
41
0
1222
667
39
39
0
1313
674
30
30
0
964
678
52
52
0
1363
696
33
33
0
1542
686
52
52
0
1233
702
33
33
1
847
722
30
30
0
1510
719
39
39
0
711
735
44
44
1
972
745
39
39
0
715
746
30
30
0
1512
750
41
41
0
644
808
57
57
0
643
867
30
30
0
1201
862
44
44
0
1178
888
54
54
0
1517
921
30
30
0
1569
1013
31
31
0
1496
1035
30
30
0
1486
1047
30
30
0
1530
1057
30
30
0
1476
1059
30
30
