43
0
782
181
33
33
0
752
183
33
33
0
724
187
31
31
0
785
215
31
31
0
756
217
31
31
0
726
219
33
33
0
585
221
31
31
0
788
247
31
31
0
759
249
31
31
0
730
251
31
31
0
1405
430
31
31
0
1380
472
52
52
1
929
553
31
31
1
865
560
30
30
1
800
567
30
30
0
1367
573
30
30
0
1404
586
30
30
0
922
588
54
54
0
1323
596
30
30
0
1344
611
54
54
1
756
618
30
30
0
1299
626
30
30
0
1570
636
30
30
0
1308
652
30
30
0
1345
664
31
31
1
761
671
30
30
0
807
713
49
49
1
767
722
30
30
0
860
738
52
52
0
1513
745
44
44
1
1084
762
41
41
1
956
778
39
39
0
1502
780
30
30
1
825
796
39
39
0
1073
802
30
30
0
1306
807
30
30
0
947
819
30
30
0
966
833
30
30
0
819
835
30
30
0
1289
829
44
44
0
1250
894
30
30
0
743
977
44
44
0
726
982
41
41
